2.535359205359205248e+02 2.024602910602910697e+02 6.413259413259413400e-01
2.525081312081312035e+02 2.083100485100485173e+02 6.838299838299838340e-01
2.525802494802494778e+02 2.082920997920998047e+02 7.004851004851004870e-01
2.525613536613536496e+02 2.083087318087318067e+02 7.009009009009008473e-01
2.527655578655578665e+02 2.090501732501732590e+02 4.876183876183876054e-01
2.527130977130977101e+02 2.091480711480711534e+02 4.137214137214137444e-01
2.525966273966273832e+02 2.092830214830214857e+02 1.695079695079695081e-01
2.525785631785631722e+02 2.095323400323400449e+02 8.870408870408870439e-02
2.524050589050588940e+02 2.098933240933240825e+02 4.777084777084777273e-02
2.522977130977130855e+02 2.102895818895818820e+02 3.257103257103256821e-02
2.523413259413259482e+02 2.105987063987064118e+02 2.062832062832062677e-02
2.523247632247632168e+02 2.108503811503811392e+02 1.811041811041811181e-02
2.522943866943867022e+02 2.108205590205590170e+02 1.806421806421806484e-02
2.520950565950566045e+02 2.105000693000692991e+02 1.247401247401247470e-02
2.519867867867867801e+02 2.102324555324555320e+02 8.570108570108569621e-03
2.519586971586971629e+02 2.101002310002309912e+02 9.609609609609609179e-03
2.519795333795333931e+02 2.100891891891891987e+02 1.030261030261030337e-02
2.520247863247863336e+02 2.101009009009009105e+02 8.662508662508661833e-03
2.520484869484869535e+02 2.101386463386463390e+02 1.007161007161007198e-02
2.520816354816354874e+02 2.102928389928389947e+02 9.840609840609840578e-03
2.521731808731808826e+02 2.104252252252252333e+02 9.355509355509356029e-03
2.522137445137445013e+02 2.104873180873181013e+02 8.523908523908524382e-03
2.522227073227073220e+02 2.105277893277893213e+02 8.754908754908754046e-03
2.522584199584199496e+02 2.106003696003695893e+02 8.454608454608453921e-03
2.522741510741510638e+02 2.106893739893739905e+02 8.177408177408177284e-03
2.522610995610995701e+02 2.107888888888888914e+02 3.534303534303534500e-03
2.523164472164472159e+02 2.110591591591591509e+02 3.118503118503118676e-03
2.523310002310002176e+02 2.112952875952875900e+02 3.557403557403557553e-03
2.523337029337029378e+02 2.115376761376761294e+02 2.610302610302610207e-03
2.524243012243012174e+02 2.117872949872949846e+02 1.824901824901824883e-03
2.524408177408177494e+02 2.119798798798798884e+02 2.032802032802033011e-03
2.525131208131208211e+02 2.121565719565719519e+02 9.471009471009471294e-04
2.522009702009702039e+02 2.116426426426426417e+02 1.386001386001385898e-04
2.522411180411180283e+02 2.117060753060753200e+02 3.927003927003927162e-04
2.522862554862554987e+02 2.117507507507507398e+02 3.927003927003927162e-04
2.523687687687687742e+02 2.118365904365904271e+02 6.006006006006005737e-04
2.524197043197043229e+02 2.119798567798567888e+02 7.623007623007622708e-04
2.524574959574959507e+02 2.122157080157080031e+02 1.293601293601293577e-03
2.522098175098174977e+02 2.117603372603372520e+02 1.617001617001616971e-04
2.522594132594132645e+02 2.117995841995841886e+02 9.240009240009240221e-05
2.523633402633402625e+02 2.119212520212520303e+02 4.389004389004388766e-04
2.524384384384384248e+02 2.120051282051282158e+02 7.392007392007392177e-04
2.523306306306306226e+02 2.118744051744051831e+02 5.775005775005775206e-04
2.521213675213675174e+02 2.115639639639639711e+02 2.772002772002771795e-04
2.518227073227073163e+02 2.090744975744975704e+02 0.000000000000000000e+00
2.518163779163779168e+02 2.090696465696465793e+02 0.000000000000000000e+00
2.519093093093093216e+02 2.089995841995842056e+02 0.000000000000000000e+00
2.519272580272580342e+02 2.090005313005312928e+02 0.000000000000000000e+00
2.519425502425502543e+02 2.090209979209979281e+02 0.000000000000000000e+00
2.519894894894895003e+02 2.090766227766227701e+02 1.155001155001154960e-04
2.520216909216909187e+02 2.090988911988912093e+02 1.155001155001154960e-04
2.520619542619542699e+02 2.091162393162393300e+02 2.541002541002541264e-04
2.521017556017555989e+02 2.091505659505659480e+02 4.389004389004388766e-04
2.521213906213906171e+02 2.091760452760452722e+02 3.003003003003002869e-04
2.521195426195426137e+02 2.091941556941556826e+02 6.006006006006005737e-04
2.521517440517440605e+02 2.092867867867867915e+02 8.085008085008084855e-04
2.521580041580041609e+02 2.093800184800184923e+02 7.854007854007854323e-04
2.522375375375375484e+02 2.094778008778008882e+02 2.032802032802033011e-03
2.522730884730884782e+02 2.095485793485793522e+02 1.986601986601986471e-03
2.522891660891660877e+02 2.096724878724878636e+02 2.148302148302148277e-03
2.520161469161469086e+02 2.101319011319011452e+02 1.386001386001385898e-04
2.520581658581658644e+02 2.101686070686070593e+02 0.000000000000000000e+00
2.520904365904365818e+02 2.102005082005082102e+02 0.000000000000000000e+00
2.521261261261261382e+02 2.102877569877569783e+02 4.620004620004620110e-05
2.521857934857934822e+02 2.104202818202818150e+02 2.772002772002771795e-04
2.522318780318780398e+02 2.105039501039501033e+02 7.392007392007392177e-04
2.522642642642642556e+02 2.107620235620235576e+02 3.234003234003233942e-04
2.523007392007392014e+02 2.110128205128205252e+02 6.237006237006237352e-04
2.522895356895356826e+02 2.111807345807345939e+02 8.778008778008777532e-04
2.523032109032108963e+02 2.113585585585585704e+02 3.557403557403557553e-03
2.523001617001617092e+02 2.114623700623700699e+02 3.603603603603603659e-03
2.521677754677754706e+02 2.112967659967659984e+02 3.257103257103256995e-03
2.520540309540309636e+02 2.111153846153846132e+02 3.927003927003927162e-04
2.518960498960499024e+02 2.091541695541695560e+02 0.000000000000000000e+00
2.519029799029798937e+02 2.091507507507507455e+02 0.000000000000000000e+00
2.519159621159621167e+02 2.091820974820974754e+02 9.240009240009240221e-05
2.519680526680526782e+02 2.092626472626472491e+02 9.240009240009240221e-05
2.520481635481635578e+02 2.093359205359205362e+02 2.310002310002309920e-04
2.520927465927465789e+02 2.094282975282975201e+02 5.082005082005082528e-04
2.521035343035343033e+02 2.094208824208824069e+02 5.082005082005082528e-04
2.520502887502887575e+02 2.093454608454608490e+02 5.313005313005313059e-04
2.520157542157542139e+02 2.093064911064911087e+02 1.617001617001616971e-04
2.520034650034650099e+02 2.092598290598290589e+02 0.000000000000000000e+00
2.519982443982443954e+02 2.092649572649572747e+02 6.930006930006929488e-05
2.520483714483714550e+02 2.093158235158235243e+02 3.234003234003233942e-04
2.520659505659505726e+02 2.093581658581658473e+02 5.313005313005313059e-04
2.521019404019403964e+02 2.094243012243012174e+02 1.039501039501039559e-03
2.521219912219912089e+02 2.094676368676368554e+02 1.108801108801108718e-03
2.521653037653037757e+02 2.095598290598290703e+02 1.178101178101178094e-03
2.521770616770616869e+02 2.096428274428274392e+02 1.062601062601062612e-03
2.521685146685146606e+02 2.097139986139986263e+02 9.933009933009932357e-04
2.522155232155232056e+02 2.098156618156618265e+02 1.270501270501270524e-03
2.522363363363363362e+02 2.099215061215061269e+02 1.755601755601755506e-03
2.522758373758373693e+02 2.100353892353892320e+02 1.686301686301686347e-03
2.522836451836451772e+02 2.101298221298221165e+02 1.016401016401016506e-03
2.523078540078540186e+02 2.103392238392238482e+02 1.871101871101871206e-03
2.522773388773388774e+02 2.104367752367752473e+02 1.409101409101409059e-03
2.521819819819819770e+02 2.102902517902518014e+02 6.930006930006930030e-04
2.520127743127743258e+02 2.099042966042966043e+02 3.003003003003002869e-04
2.518439824439824406e+02 2.095133518133518180e+02 4.620004620004620110e-05
2.518003465003465067e+02 2.093723723723723822e+02 4.620004620004620110e-05
2.517817971817971738e+02 2.093428274428274563e+02 0.000000000000000000e+00
2.518322938322938285e+02 2.093108108108108070e+02 4.620004620004620110e-05
2.518917994917995031e+02 2.092862323862323990e+02 1.617001617001616971e-04
2.519205590205590113e+02 2.093025179025179057e+02 1.617001617001616971e-04
2.519339108339108293e+02 2.092789096789096845e+02 1.155001155001154960e-04
2.519791637791637697e+02 2.091834372834372857e+02 1.155001155001154960e-04
2.520127512127512261e+02 2.091401709401709468e+02 5.313005313005313059e-04
2.520068607068607207e+02 2.091047124047124157e+02 6.930006930006930030e-04
2.520366135366135438e+02 2.091655347655347725e+02 6.468006468006467884e-04
2.520703164703164703e+02 2.092123585123585201e+02 1.085701085701085665e-03
2.520786324786324712e+02 2.093063756063756102e+02 1.501501501501501488e-03
2.520635250635250770e+02 2.093751905751905724e+02 1.570801570801570865e-03
2.521012936012936052e+02 2.094842226842226864e+02 1.570801570801570865e-03
2.521489027489027421e+02 2.095554862554862439e+02 1.570801570801570865e-03
2.521747516747516613e+02 2.097167013167013181e+02 1.270501270501270524e-03
2.522067452067452109e+02 2.098402633402633342e+02 1.362901362901362953e-03
2.521990528990529015e+02 2.099504735504735606e+02 2.887502887502887711e-03
2.522531993531993635e+02 2.100256872256872214e+02 3.164703164703164782e-03
2.522897666897666795e+02 2.101605682605682546e+02 3.395703395703395747e-03
2.521230076230076236e+02 2.106157080157080088e+02 2.310002310002309920e-04
2.521558558558558616e+02 2.106486486486486456e+02 1.386001386001385898e-04
2.520999768999768946e+02 2.105205590205590340e+02 1.848001848001848044e-04
2.519116655116655181e+02 2.099109032109032000e+02 0.000000000000000000e+00
2.518398244398244401e+02 2.091675906675906731e+02 7.392007392007392177e-04
2.518252945252945381e+02 2.088044814044814075e+02 0.000000000000000000e+00
2.518188958188958111e+02 2.085329868329868361e+02 2.079002079002079117e-04
2.519134211134211228e+02 2.082836451836451772e+02 5.544005544005543590e-04
2.518650034650034684e+02 2.079034650034650156e+02 6.930006930006930030e-04
2.518278817278817314e+02 2.077400323400323430e+02 2.079002079002079117e-04
2.518502425502425410e+02 2.075830445830445967e+02 4.389004389004388766e-04
2.519255024255024296e+02 2.070069531069531195e+02 1.155001155001154960e-04
2.518835065835065734e+02 2.067474705474705559e+02 6.930006930006929488e-05
2.517948024948024965e+02 2.064442134442134318e+02 0.000000000000000000e+00
2.518023100023100085e+02 2.062085701085701146e+02 0.000000000000000000e+00
2.517742434742434625e+02 2.058892122892122813e+02 2.541002541002541264e-04
2.518364056364056296e+02 2.059578424578424460e+02 7.623007623007622708e-04
2.518420882420882378e+02 2.059139986139986149e+02 1.085701085701085665e-03
2.518556710556710527e+02 2.059229383229383359e+02 6.237006237006237352e-04
2.518827211827211841e+02 2.059136983136983190e+02 7.392007392007392177e-04
2.519219450219450209e+02 2.059643797643797711e+02 1.108801108801108718e-03
2.519474474474474448e+02 2.059306537306537166e+02 1.247401247401247470e-03
2.519630861630861602e+02 2.059517440517440434e+02 1.178101178101178094e-03
2.519663894663894723e+02 2.059113883113883219e+02 9.009009009009009148e-04
2.519921690921690924e+02 2.059008085008084947e+02 8.547008547008547001e-04
2.519985446985446913e+02 2.059063987063987042e+02 1.455301455301455382e-03
2.520594363594363472e+02 2.059747747747747724e+02 1.547701547701547595e-03
2.521165627165627257e+02 2.060309540309540353e+02 1.524601524601524542e-03
2.521689535689535830e+02 2.061094017094017090e+02 2.102102102102102171e-03
2.522103488103488189e+02 2.061671517671517790e+02 1.824901824901824883e-03
2.520189189189189278e+02 2.059294294294294332e+02 1.339801339801339900e-03
2.517919149919149788e+02 2.043203511203511198e+02 0.000000000000000000e+00
2.516421113421113489e+02 2.037696696696696677e+02 0.000000000000000000e+00
2.516149457149457191e+02 2.034089397089396982e+02 0.000000000000000000e+00
2.516418803418803520e+02 2.031619542619542642e+02 0.000000000000000000e+00
2.518359898359898352e+02 2.035510279510279474e+02 9.240009240009240221e-05
2.518903210903210947e+02 2.036104412104412233e+02 2.310002310002309920e-04
2.517499653499653505e+02 2.055951720951721029e+02 0.000000000000000000e+00
2.517617001617001620e+02 2.056462231462231500e+02 3.003003003003002869e-04
2.517699237699237642e+02 2.055666666666666629e+02 7.392007392007392177e-04
2.517709401709401789e+02 2.052563871563871487e+02 1.386001386001385898e-04
2.517138831138831279e+02 2.050306999306999387e+02 1.848001848001848044e-04
2.516844767844767716e+02 2.048408870408870541e+02 1.386001386001385898e-04
2.516481404481404525e+02 2.046601293601293605e+02 1.386001386001385898e-04
2.516309309309309299e+02 2.044918687918687965e+02 1.386001386001385898e-04
2.516467082467082435e+02 2.044843612843612846e+02 1.155001155001154960e-04
2.519517902517902428e+02 2.054470085470085507e+02 2.032802032802033011e-03
2.520400554400554540e+02 2.055783321783321753e+02 3.326403326403326588e-03
2.520074613074613126e+02 2.056171171171171181e+02 3.418803418803418800e-03
2.520225225225225358e+02 2.056299607299607430e+02 3.927003927003926836e-03
2.520313005313005306e+02 2.056729498729498857e+02 6.098406098406098166e-03
2.520522522522522593e+02 2.056774312774312818e+02 6.306306306306306078e-03
2.520856548856548898e+02 2.057229152229152191e+02 4.504504504504504465e-03
2.521310695310695280e+02 2.057870639870639877e+02 5.567105567105567511e-03
2.521714252714252780e+02 2.058583968583968442e+02 5.497805497805497918e-03
2.522310233310233230e+02 2.059424578424578556e+02 7.438207438207437849e-03
2.522916839916839820e+02 2.061900207900207818e+02 1.037191037191037210e-02
2.523365442365442277e+02 2.062655116655116672e+02 1.030261030261030337e-02
2.523957033957034071e+02 2.064282513282513207e+02 1.016401016401016419e-02
2.523281358281358280e+02 2.066496650496650602e+02 9.078309078309077657e-03
2.520361053361053223e+02 2.066130746130746161e+02 1.339801339801339900e-03
2.517655578655578665e+02 2.058559482559482490e+02 0.000000000000000000e+00
2.515699930699930746e+02 2.045768768768768666e+02 0.000000000000000000e+00
2.515376530376530297e+02 2.041791868791868865e+02 9.240009240009239679e-04
2.515301686301686175e+02 2.039379302379302317e+02 3.234003234003233942e-04
2.514836220836220946e+02 2.038374220374220442e+02 2.772002772002771795e-04
2.518800877800877913e+02 2.045999768999768946e+02 2.772002772002771795e-04
2.519323631323631218e+02 2.046586047586047528e+02 1.201201201201201147e-03
2.519819588819588887e+02 2.047274428274428146e+02 2.448602448602448401e-03
2.520197505197505166e+02 2.047512820512820610e+02 3.072303072303072136e-03
2.519623931623931696e+02 2.046953568953568947e+02 2.471702471702471888e-03
2.519159621159621167e+02 2.046497112497112596e+02 2.656502656502656313e-03
2.518647724647724715e+02 2.045814506814506899e+02 3.349503349503349641e-03
2.518663432663432786e+02 2.045820974820974811e+02 1.848001848001847936e-03
2.518710325710325719e+02 2.045940401940401898e+02 2.032802032802033011e-03
2.518965580965580955e+02 2.045974589974590003e+02 2.310002310002310082e-03
2.520557634557634685e+02 2.062125895125895170e+02 2.055902055902056064e-03
2.521021021021020942e+02 2.063195426195426307e+02 2.471702471702471888e-03
2.520866019866019769e+02 2.064226842226842109e+02 3.395703395703395747e-03
2.521272580272580228e+02 2.065054747054747111e+02 5.128205128205128201e-03
2.521342573342573417e+02 2.065738276738276795e+02 4.042504042504042536e-03
2.521728805728805867e+02 2.066223377223377327e+02 3.349503349503349641e-03
2.522503580503580451e+02 2.067286902286902261e+02 3.857703857703857677e-03
2.522401247401247417e+02 2.068145299145299134e+02 3.996303996303996429e-03
2.522490644490644627e+02 2.069649572649572633e+02 4.550704550704550572e-03
2.523013629013628929e+02 2.070963501963501869e+02 4.435204435204434872e-03
2.522552321552321644e+02 2.072534072534072607e+02 2.310002310002310082e-03
2.522356202356202459e+02 2.074346500346500477e+02 2.148302148302148277e-03
2.523018480018480147e+02 2.075109263109263225e+02 2.125202125202125224e-03
2.522607299607299467e+02 2.077552321552321644e+02 2.125202125202125224e-03
2.522734349734349735e+02 2.079045969045969002e+02 1.940401940401940365e-03
2.522540309540309522e+02 2.078872256872256798e+02 2.217602217602217436e-03
2.519644952644952696e+02 2.068202587202587210e+02 4.851004851004850913e-04
2.517857934857934765e+02 2.055580272580272663e+02 1.617001617001616971e-04
2.516882420882420774e+02 2.052283206283206312e+02 2.310002310002309920e-04
2.516945021945022063e+02 2.048915915915915775e+02 0.000000000000000000e+00
2.516724647724647639e+02 2.047573804573804637e+02 4.620004620004620110e-05
2.516359898359898466e+02 2.046006930006930133e+02 2.079002079002079117e-04
2.516438207438207542e+02 2.044976437976438035e+02 6.930006930006929488e-05
2.516486486486486456e+02 2.044585816585816644e+02 1.848001848001848044e-04
2.519048279048278971e+02 2.049688611688611672e+02 1.593901593901593918e-03
2.519547470547470596e+02 2.050274659274659257e+02 2.148302148302148277e-03
2.519009240009239932e+02 2.049752136752136664e+02 2.471702471702471888e-03
2.518528759528759622e+02 2.049303534303534207e+02 2.795102795102795065e-03
2.518643797643797768e+02 2.049469623469623514e+02 2.933702933702933818e-03
2.518778239778239652e+02 2.049625779625779671e+02 2.425502425502425348e-03
2.519028413028412956e+02 2.049900207900207931e+02 3.349503349503349641e-03
2.519000000000000057e+02 2.050202587202587097e+02 2.818202818202818118e-03
2.519030492030491928e+02 2.050405405405405475e+02 2.633402633402633260e-03
2.519355509355509355e+02 2.051406560406560402e+02 3.649803649803649765e-03
2.519665511665511701e+02 2.051737814737814745e+02 3.141603141603141729e-03
2.519933240933241052e+02 2.051999999999999886e+02 2.887502887502887711e-03
2.520157080157080145e+02 2.052524370524370454e+02 2.564102564102564100e-03
2.520774774774774869e+02 2.053455763455763474e+02 2.656502656502656313e-03
2.521151074151074170e+02 2.054458535458535380e+02 2.240702240702240489e-03
2.521273966273966209e+02 2.055373758373758335e+02 1.131901131901131988e-03
2.521565026565026528e+02 2.056279510279510419e+02 1.501501501501501488e-03
2.521773157773157834e+02 2.057856317856317787e+02 3.280203280203280048e-03
2.522055902055901981e+02 2.058735735735735659e+02 3.465003465003464907e-03
2.522369369369369281e+02 2.061489027489027421e+02 2.702702702702702853e-03
2.519668283668283664e+02 2.064781935781935829e+02 4.851004851004850913e-04
2.517589974589974702e+02 2.059438207438207371e+02 5.544005544005543590e-04
2.516551166551166432e+02 2.047272811272811168e+02 0.000000000000000000e+00
2.516294063294063221e+02 2.042271887271887181e+02 0.000000000000000000e+00
2.516559482559482603e+02 2.040704088704088690e+02 0.000000000000000000e+00
2.516907137907138008e+02 2.038945021945021949e+02 0.000000000000000000e+00
2.516917070917070873e+02 2.037910371910371907e+02 0.000000000000000000e+00
2.518385308385308292e+02 2.049559251559251436e+02 6.930006930006929488e-05
2.518785169785169842e+02 2.050740586740586764e+02 1.386001386001385898e-04
2.518624624624624744e+02 2.050491337491337447e+02 1.386001386001385898e-04
2.518214368214368335e+02 2.049887040887040826e+02 4.158004158004158235e-04
2.517913836913836860e+02 2.047938784938784806e+02 7.854007854007854323e-04
2.516440748440748507e+02 2.045017325017325049e+02 6.006006006006005737e-04
2.516019404019403964e+02 2.044589512589512594e+02 4.158004158004158235e-04
2.516855393855393856e+02 2.045323862323862443e+02 3.696003696003696088e-04
2.517636174636174644e+02 2.046970893970893997e+02 2.541002541002541264e-04
2.521677985677985703e+02 2.069705936705936722e+02 0.000000000000000000e+00
2.522205128205128233e+02 2.070410487410487406e+02 2.310002310002310055e-05
2.522036036036035966e+02 2.072608685608685732e+02 1.386001386001385898e-04
2.522472164472164593e+02 2.074231231231231334e+02 3.696003696003696088e-04
2.522654423654423681e+02 2.076730884730884839e+02 2.402402402402402295e-03
2.522298221298221392e+02 2.079339801339801284e+02 4.804804804804804590e-03
2.521810348810348898e+02 2.080646338646338620e+02 5.105105105105104714e-03
2.522435435435435522e+02 2.081929544929544988e+02 4.920304920304920289e-03
2.521890274890274952e+02 2.084319473319473275e+02 6.329406329406329565e-03
2.521622776622776598e+02 2.089719334719334825e+02 2.263802263802263976e-03
2.522370524370524265e+02 2.091681219681219659e+02 1.940401940401940365e-03
2.522760683760683662e+02 2.093416262416262441e+02 2.425502425502425348e-03
2.522548856548856691e+02 2.093806421806421838e+02 2.102102102102102171e-03
2.520011319011319131e+02 2.087277893277893384e+02 1.617001617001616971e-04
2.520581889581889641e+02 2.070382074382074507e+02 0.000000000000000000e+00
2.519787248787248757e+02 2.067359205359205419e+02 0.000000000000000000e+00
2.519957495957496008e+02 2.065113190113190171e+02 3.465003465003465015e-04
2.520318780318780227e+02 2.064393393393393410e+02 0.000000000000000000e+00
2.520009471009470872e+02 2.063902979902979951e+02 0.000000000000000000e+00
2.519118734118734153e+02 2.061495033495033624e+02 1.848001848001848044e-04
2.519362439362439261e+02 2.061598983598983637e+02 2.310002310002309920e-04
2.519159390159390171e+02 2.060486486486486513e+02 0.000000000000000000e+00
2.519333795333795365e+02 2.058483945483945377e+02 8.316008316008316470e-04
2.518542619542619434e+02 2.057568953568953702e+02 9.240009240009239679e-04
2.518186648186648142e+02 2.056978285978285896e+02 1.085701085701085665e-03
2.518109263109263054e+02 2.056045276045276182e+02 6.237006237006237352e-04
2.518549087549087631e+02 2.056486255486255459e+02 6.699006699006699499e-04
2.518632247632247640e+02 2.056569415569415469e+02 3.234003234003233942e-04
2.519010857010856910e+02 2.057096789096788996e+02 2.310002310002309920e-04
2.519672903672903601e+02 2.057739893739893660e+02 2.310002310002309920e-04
2.520015939015939068e+02 2.058229845229845125e+02 5.313005313005313059e-04
2.520433587433587377e+02 2.058742434742434853e+02 6.930006930006930030e-04
2.520741972741972745e+02 2.059260568260568220e+02 5.544005544005543590e-04
2.521548163548163473e+02 2.060001155001154984e+02 8.547008547008547001e-04
2.522103026103026195e+02 2.060955647955647976e+02 1.085701085701085665e-03
2.522289674289674224e+02 2.061948024948025022e+02 7.854007854007854323e-04
2.522859551859551743e+02 2.063016401016400891e+02 6.468006468006467884e-04
2.523428736428736556e+02 2.064167706167706058e+02 7.854007854007854323e-04
2.523385077385077295e+02 2.066381843381843453e+02 2.541002541002541264e-04
2.523645876645876740e+02 2.068421344421344372e+02 9.933009933009932357e-04
2.522802494802494664e+02 2.072061677061677187e+02 1.247401247401247470e-03
2.522270501270501200e+02 2.070376530376530297e+02 7.623007623007622708e-04
2.518156387156387268e+02 2.059845691845691817e+02 0.000000000000000000e+00
2.516509817509817424e+02 2.051490875490875396e+02 1.386001386001385898e-04
2.517854469854469812e+02 2.041163317163317288e+02 0.000000000000000000e+00
2.517890736890736889e+02 2.041199584199584081e+02 1.386001386001385898e-04
2.518136983136983247e+02 2.041443982443982463e+02 1.455301455301455382e-03
2.517925848925848982e+02 2.041229152229152248e+02 1.039501039501039559e-03
2.518035805035804913e+02 2.041198660198660093e+02 1.478401478401478435e-03
2.518171171171171068e+02 2.041335412335412229e+02 1.755601755601755506e-03
2.518455070455070484e+02 2.041601755601755599e+02 1.940401940401940365e-03
2.519583506583506676e+02 2.048478401478401452e+02 1.316701316701316630e-03
2.520176715176715163e+02 2.049034881034881153e+02 2.448602448602448401e-03
2.519809193809193744e+02 2.051501732501732533e+02 2.471702471702471888e-03
2.520098175098175091e+02 2.053290829290829151e+02 3.187803187803187836e-03
2.520603141603141637e+02 2.055288057288057360e+02 5.567105567105567511e-03
2.521349734349734319e+02 2.056797874797874783e+02 7.646107646107645761e-03
2.521531069531069420e+02 2.060231231231231277e+02 4.204204204204204341e-03
2.522144837144837197e+02 2.061342111342111423e+02 4.596904596904596678e-03
2.521815199815199833e+02 2.064297297297297291e+02 3.672903672903672818e-03
2.521768075768075903e+02 2.066160083160083047e+02 2.194502194502194383e-03
2.521524601524601508e+02 2.068228459228459144e+02 3.326403326403326588e-03
2.522288057288057246e+02 2.069552783552783524e+02 4.158004158004158235e-03
2.522206976206976208e+02 2.072151536151536106e+02 3.187803187803187836e-03
2.521944559944560069e+02 2.075584430584430606e+02 2.356202356202356189e-03
2.522535920535920582e+02 2.077339570339570400e+02 1.709401709401709400e-03
2.522752136752136778e+02 2.080232617232617258e+02 1.801801801801801830e-03
2.522008085008085061e+02 2.083124047124047138e+02 3.696003696003696088e-04
2.521246246246246301e+02 2.081384615384615415e+02 8.778008778008777532e-04
2.520191037191037253e+02 2.069532917532917509e+02 2.772002772002771795e-04
2.518492492492492545e+02 2.062239085239085341e+02 2.772002772002771795e-04
2.517528066528066404e+02 2.058435204435204469e+02 9.240009240009240221e-05
2.517208824208824183e+02 2.056689304689304549e+02 9.240009240009240221e-05
2.517042504042504163e+02 2.055220605220605137e+02 2.310002310002309920e-04
2.517613767613767664e+02 2.054699237699237813e+02 2.310002310002309920e-04
2.517694617694617705e+02 2.054576576576576485e+02 2.079002079002079117e-04
2.517995841995841886e+02 2.054648417648417649e+02 1.848001848001848044e-04
2.517675675675675677e+02 2.053140679140679197e+02 2.310002310002309920e-04
2.518057519057519187e+02 2.052633633633633679e+02 5.082005082005082528e-04
2.518040194040194137e+02 2.052470085470085337e+02 2.079002079002079117e-04
2.518416031416031444e+02 2.052428274428274335e+02 1.848001848001848044e-04
2.519293370293370344e+02 2.053172557172557049e+02 2.541002541002541264e-04
2.520771771771771910e+02 2.054746592746592739e+02 3.927003927003927162e-04
2.520708246708246634e+02 2.056360129360129463e+02 6.699006699006699499e-04
2.521485100485100475e+02 2.057634095634095672e+02 7.623007623007622708e-04
2.521862785862785756e+02 2.058777546777546661e+02 1.247401247401247470e-03
2.522631323631323710e+02 2.061370524370524322e+02 6.930006930006930030e-04
2.522573342573342643e+02 2.063190806190806086e+02 7.623007623007622708e-04
2.523401016401016363e+02 2.064364056364056239e+02 7.854007854007854323e-04
2.522405636405636358e+02 2.066929775929775985e+02 8.778008778008777532e-04
2.522790713790713824e+02 2.068351582351582465e+02 8.547008547008547001e-04
2.523465696465696340e+02 2.071424809424809439e+02 1.848001848001848044e-04
2.523414183414183469e+02 2.073741972741972859e+02 2.772002772002771795e-04
2.523609609609609663e+02 2.077290136290136218e+02 5.544005544005543590e-04
2.522604989604989498e+02 2.081060060060059982e+02 2.379302379302379242e-03
2.521779163779163753e+02 2.083918918918919019e+02 2.079002079002079117e-03
2.521703395703395643e+02 2.085261492261492151e+02 3.210903210903210889e-03
2.521606144606144539e+02 2.088333795333795422e+02 3.187803187803187836e-03
2.521984060984061102e+02 2.088621621621621500e+02 4.088704088704088642e-03
2.519031647031646912e+02 2.081181566181566041e+02 1.824901824901824883e-03
2.518865557865557889e+02 2.067078309078308962e+02 3.696003696003696088e-04
2.518656733656733593e+02 2.064778008778008882e+02 3.696003696003696088e-04
2.518110880110880032e+02 2.061415800415800277e+02 1.293601293601293577e-03
2.517958650958650821e+02 2.060108108108108240e+02 5.775005775005775206e-04
2.518616770616770566e+02 2.051137676137676067e+02 1.617001617001616971e-04
2.518681912681912820e+02 2.051143682143682270e+02 2.310002310002310055e-05
2.518740817740817874e+02 2.050855162855162916e+02 6.930006930006929488e-05
2.518866250866250880e+02 2.050891891891891987e+02 2.079002079002079117e-04
2.519055671055671155e+02 2.050875259875259928e+02 3.003003003003002869e-04
2.519237006237006256e+02 2.051160083160083047e+02 3.927003927003927162e-04
2.519334026334026362e+02 2.051359667359667469e+02 3.696003696003696088e-04
2.519706167706167719e+02 2.051766920766920634e+02 5.082005082005082528e-04
2.520484638484638538e+02 2.053100485100485173e+02 7.854007854007854323e-04
2.521409563409563361e+02 2.054516285516285450e+02 1.709401709401709400e-03
2.521574497574497684e+02 2.056538923538923598e+02 2.310002310002309920e-04
2.522226149226149232e+02 2.058432432432432506e+02 1.386001386001385898e-04
2.522360360360360403e+02 2.061255486255486176e+02 7.623007623007622708e-04
2.523072765072764980e+02 2.062331947331947219e+02 8.547008547008547001e-04
2.522761145761145656e+02 2.065214599214599218e+02 2.656502656502656313e-03
2.523392931392931473e+02 2.066981981981981846e+02 2.933702933702933818e-03
2.522574035574035634e+02 2.070542850542850601e+02 1.871101871101871206e-03
2.522857472857472771e+02 2.073343266343266293e+02 3.118503118503118676e-03
2.522069300069300084e+02 2.077530145530145660e+02 3.095403095403095189e-03
2.522455994455994528e+02 2.080058443058443061e+02 4.851004851004850696e-03
2.521320628320628430e+02 2.084737814737814858e+02 1.640101640101640024e-03
2.521003003003002902e+02 2.087007392007392070e+02 1.940401940401940365e-03
2.521408177408177380e+02 2.088100254100254176e+02 3.603603603603603659e-03
2.521248787248787266e+02 2.090930699930700030e+02 3.441903441903441854e-03
2.521471702471702372e+02 2.093429891429891541e+02 2.656502656502656313e-03
2.521967659967660040e+02 2.094688611688611672e+02 3.049203049203049083e-03
2.521829521829521923e+02 2.094396396396396369e+02 1.963501963501963418e-03
2.519120120120120134e+02 2.087892815892815861e+02 5.082005082005082528e-04
2.522176253176253056e+02 2.069982674982674951e+02 0.000000000000000000e+00
2.521255948255948169e+02 2.067804342804342923e+02 0.000000000000000000e+00
2.520473319473319407e+02 2.064604758604758672e+02 0.000000000000000000e+00
2.520523446523446580e+02 2.062859551859551743e+02 6.930006930006929488e-05
2.519599907599907738e+02 2.061054054054054063e+02 9.240009240009240221e-05
2.519166551166551073e+02 2.060197505197505166e+02 5.544005544005543590e-04
2.518469161469161577e+02 2.058107415107415079e+02 4.158004158004158235e-04
2.517993531993531917e+02 2.057081774081774199e+02 3.003003003003002869e-04
2.517640563640563585e+02 2.055276276276276235e+02 4.620004620004619839e-04
2.517582582582582518e+02 2.054929082929082824e+02 3.234003234003233942e-04
2.517668514668514774e+02 2.054832524832524712e+02 7.623007623007622708e-04
2.517618849618849595e+02 2.054738507738507849e+02 7.854007854007854323e-04
2.517757911757911700e+02 2.054903903903903881e+02 7.392007392007392177e-04
2.518558789558789499e+02 2.055690921690921584e+02 9.240009240009239679e-04
2.519147378147378049e+02 2.056709170709170849e+02 1.016401016401016506e-03
2.520236544236544205e+02 2.057773388773388774e+02 1.386001386001386006e-03
2.521097020097020049e+02 2.058906213906213907e+02 1.432201432201432112e-03
2.521643566643566601e+02 2.059961884961884948e+02 1.570801570801570865e-03
2.521906213906214020e+02 2.061412566412566321e+02 1.871101871101871206e-03
2.522580503580503546e+02 2.062557403557403575e+02 1.617001617001616971e-03
2.523379995379995364e+02 2.064681681681681766e+02 1.709401709401709400e-03
2.523205128205128176e+02 2.068443520443520356e+02 1.617001617001616971e-03
2.523651420651420665e+02 2.070345114345114439e+02 1.455301455301455382e-03
2.523971586971586873e+02 2.072926541926541972e+02 9.702009702009701825e-04
2.522974589974589890e+02 2.077048972048972075e+02 6.699006699006699499e-04
2.523440748440748393e+02 2.079289212289212401e+02 6.699006699006699499e-04
2.522061677061677187e+02 2.083513975513975538e+02 1.339801339801339900e-03
2.521704550704550627e+02 2.084975744975745044e+02 1.270501270501270524e-03
2.522039963039962913e+02 2.088214599214599332e+02 1.940401940401940365e-03
2.522219219219219326e+02 2.089062832062832058e+02 1.824901824901824883e-03
2.521651651651651775e+02 2.088084546084546105e+02 1.524601524601524542e-03
2.519610995610995587e+02 2.079937860937860989e+02 3.927003927003927162e-04
2.520287364287364369e+02 2.060657195657195757e+02 1.131901131901131988e-03
2.520099792099792069e+02 2.060325479325479421e+02 0.000000000000000000e+00
2.519832986832986705e+02 2.059993993993994081e+02 0.000000000000000000e+00
2.518868791868791845e+02 2.058940170940171015e+02 0.000000000000000000e+00
2.518484407484407370e+02 2.057889581889581905e+02 3.003003003003002869e-04
2.518224301224301200e+02 2.057195195195195083e+02 0.000000000000000000e+00
2.518472164472164536e+02 2.057088242088242112e+02 4.620004620004619839e-04
2.518428274428274563e+02 2.056799953799953755e+02 5.313005313005313059e-04
2.518182490182490199e+02 2.055918918918918905e+02 1.617001617001616971e-04
2.517910602910602904e+02 2.055492723492723428e+02 3.003003003003002869e-04
2.517348117348117285e+02 2.054596904596904494e+02 4.389004389004388766e-04
2.517813120813120804e+02 2.055229152229152305e+02 4.389004389004388766e-04
2.518504735504735379e+02 2.055822360822360793e+02 5.313005313005313059e-04
2.519708708708708684e+02 2.057617001617001620e+02 7.623007623007622708e-04
2.520636636636636752e+02 2.058816585816585700e+02 6.699006699006699499e-04
2.521488103488103434e+02 2.060295449295449259e+02 5.082005082005082528e-04
2.522324093324093326e+02 2.061267267267267300e+02 2.125202125202125224e-03
2.522927927927927954e+02 2.063157311157311256e+02 2.125202125202125224e-03
2.523590898590898632e+02 2.064584892584892657e+02 2.494802494802494941e-03
2.523829059829059815e+02 2.067699699699699636e+02 2.471702471702471888e-03
2.523960036960037030e+02 2.069243243243243171e+02 4.273504273504273934e-03
2.522555093555093606e+02 2.072829290829290869e+02 3.742203742203742411e-03
2.522492030492030608e+02 2.074685839685839710e+02 3.187803187803187836e-03
2.521939477939477854e+02 2.077427581427581345e+02 2.171402171402171330e-03
2.521248556248556270e+02 2.081273966273966209e+02 3.488103488103487960e-03
2.521840840840840769e+02 2.083042042042042112e+02 4.620004620004620165e-03
2.522427812427812341e+02 2.084795564795564928e+02 3.534303534303534500e-03
2.521965118965119075e+02 2.089341418341418262e+02 2.818202818202818118e-03
2.521628551628551520e+02 2.090496419496419378e+02 2.748902748902748959e-03
2.520007623007622897e+02 2.087282513282513321e+02 2.979902979902979924e-03
2.518674289674289639e+02 2.074785400785400782e+02 0.000000000000000000e+00
2.518376530376530411e+02 2.069444444444444571e+02 0.000000000000000000e+00
2.518559020559020496e+02 2.066325479325479364e+02 0.000000000000000000e+00
2.519346962346962471e+02 2.064743358743358783e+02 6.930006930006929488e-05
2.519301686301686232e+02 2.064244398244398155e+02 6.930006930006929488e-05
2.519125433125433062e+02 2.063646800646800727e+02 6.930006930006929488e-05
2.519408639408639488e+02 2.063687918687918739e+02 2.310002310002309920e-04
2.519379764379764310e+02 2.062326634326634291e+02 2.541002541002541264e-04
2.519319011319011281e+02 2.061200046200046074e+02 6.468006468006467884e-04
2.519401016401016307e+02 2.060999306999306953e+02 5.313005313005313059e-04
2.519091245091244957e+02 2.059973896973897070e+02 4.620004620004619839e-04
2.519578193578193464e+02 2.060448140448140464e+02 7.161007161007160561e-04
2.519888888888888800e+02 2.061055440055440044e+02 4.620004620004619839e-04
2.521021021021020942e+02 2.061899052899052833e+02 9.702009702009701825e-04
2.521573804573804694e+02 2.063726726726726781e+02 1.178101178101178094e-03
2.521974358974358950e+02 2.064671748671748617e+02 1.316701316701316630e-03
2.521983367983368112e+02 2.066754446754446803e+02 6.468006468006467884e-04
2.522859089859089750e+02 2.067973665973665902e+02 1.039501039501039559e-03
2.522586509586509464e+02 2.069955647955648033e+02 1.155001155001155041e-03
2.523243705243705222e+02 2.071312774312774252e+02 1.247401247401247470e-03
2.523202356202356214e+02 2.074725109725109746e+02 2.217602217602217436e-03
2.523929775929775872e+02 2.076312774312774252e+02 2.171402171402171330e-03
2.522806652806652892e+02 2.079427350427350518e+02 1.478401478401478435e-03
2.521933702933702932e+02 2.083311157311157444e+02 2.448602448602448401e-03
2.521881034881034793e+02 2.085036498036498074e+02 3.164703164703164782e-03
2.521711018711018824e+02 2.088411873411873501e+02 5.105105105105104714e-03
2.521689766689766827e+02 2.090031647031647140e+02 6.837606837606837601e-03
2.521823977823977714e+02 2.092629706629706732e+02 2.286902286902287029e-03
2.522162162162162247e+02 2.093066528066528065e+02 2.633402633402633260e-03
2.520297528297528231e+02 2.090425733425733483e+02 6.930006930006930030e-04
2.519518826518826415e+02 2.073435666435666462e+02 0.000000000000000000e+00
2.518549318549318627e+02 2.072081543081543202e+02 0.000000000000000000e+00
2.518524601524601394e+02 2.071125895125895227e+02 0.000000000000000000e+00
2.518417879417879419e+02 2.071033957033957051e+02 0.000000000000000000e+00
2.518711018711018710e+02 2.071271656271656241e+02 0.000000000000000000e+00
2.518729036729036750e+02 2.070794409794409887e+02 0.000000000000000000e+00
2.519201663201663166e+02 2.071111804111804133e+02 9.240009240009240221e-05
2.519371217371217426e+02 2.071149226149226195e+02 9.240009240009240221e-05
2.519277893277893270e+02 2.070933933933933986e+02 2.772002772002771795e-04
2.519045738045738005e+02 2.069711711711711644e+02 4.620004620004619839e-04
2.519132825132825246e+02 2.069743358743358783e+02 4.389004389004388766e-04
2.519243012243012174e+02 2.069698313698313825e+02 6.930006930006929488e-05
2.519592746592746551e+02 2.070455070455070370e+02 3.003003003003002869e-04
2.520168861168861270e+02 2.071306075306075343e+02 4.158004158004158235e-04
2.521211134211134208e+02 2.072810348810348842e+02 2.772002772002771795e-04
2.521950796950796985e+02 2.073876183876183745e+02 4.389004389004388766e-04
2.521621852621852611e+02 2.075659736659736723e+02 6.699006699006699499e-04
2.522084546084546162e+02 2.077328944328944260e+02 1.316701316701316630e-03
2.522374451374451496e+02 2.078027489027489025e+02 1.894201894201894259e-03
2.522198660198660320e+02 2.080594594594594469e+02 2.402402402402402295e-03
2.522702009702009605e+02 2.081467544467544428e+02 2.864402864402864225e-03
2.522026103026103101e+02 2.084876414876414970e+02 3.072303072303072136e-03
2.522022407022407151e+02 2.087095634095634011e+02 3.534303534303534500e-03
2.522306768306768276e+02 2.088689766689766714e+02 3.996303996303996429e-03
2.522073689073689025e+02 2.092382536382536387e+02 3.834603834603834624e-03
2.522452067452067581e+02 2.094242088242088187e+02 4.065604065604066022e-03
2.522136752136752023e+02 2.096469161469161406e+02 1.570801570801570865e-03
2.522010857010857023e+02 2.096954954954954928e+02 2.494802494802494941e-03
2.519714021714021612e+02 2.092166089166089193e+02 1.293601293601293577e-03
2.519360591360591286e+02 2.079531762531762524e+02 0.000000000000000000e+00
2.519539385539385421e+02 2.074999075999076013e+02 0.000000000000000000e+00
2.519546084546084614e+02 2.073317625317625357e+02 0.000000000000000000e+00
2.519260568260568220e+02 2.072368676368676290e+02 0.000000000000000000e+00
2.519496419496419435e+02 2.070701085701085731e+02 0.000000000000000000e+00
2.519373065373065401e+02 2.069397782397782350e+02 0.000000000000000000e+00
2.519312312312312372e+02 2.067908985908985926e+02 1.155001155001154960e-04
2.519361053361053280e+02 2.066866943866943984e+02 9.240009240009240221e-05
2.518635019635019603e+02 2.064183876183876123e+02 9.240009240009240221e-05
2.519000693000693047e+02 2.063766920766920805e+02 3.696003696003696088e-04
2.519180180180180173e+02 2.063145299145299134e+02 5.082005082005082528e-04
2.519768075768075732e+02 2.063049896049896006e+02 2.310002310002309920e-04
2.520018942018942028e+02 2.063073458073457971e+02 1.617001617001616971e-04
2.520175098175098185e+02 2.063444213444213347e+02 1.386001386001385898e-04
2.520684915684915666e+02 2.064212751212751300e+02 6.237006237006237352e-04
2.521300300300300421e+02 2.065700161700161743e+02 6.930006930006930030e-04
2.521887040887040996e+02 2.066447216447216420e+02 1.131901131901131988e-03
2.522189189189189165e+02 2.067093324093324043e+02 1.201201201201201147e-03
2.523060522060522146e+02 2.067814968814968779e+02 9.240009240009239679e-04
2.523607068607068697e+02 2.069796950796950910e+02 1.570801570801570865e-03
2.523627627627627703e+02 2.071062139062138954e+02 1.224301224301224201e-03
2.524310002310002403e+02 2.071892353892353924e+02 2.125202125202125224e-03
2.523567567567567664e+02 2.074650727650727617e+02 1.986601986601986471e-03
2.522827442827442894e+02 2.077547470547470425e+02 2.009702009702009524e-03
2.523300993300993298e+02 2.078374451374451439e+02 2.310002310002310082e-03
2.522993993993993911e+02 2.080740586740586764e+02 2.240702240702240489e-03
2.523443982443982350e+02 2.081476322476322594e+02 3.234003234003233942e-03
2.520736197736197823e+02 2.075673365673365538e+02 6.930006930006930030e-04
2.517222915222915276e+02 2.063001848001848089e+02 1.940401940401940365e-03
2.516804342804342696e+02 2.059017556017556103e+02 1.570801570801570865e-03
2.516592977592977718e+02 2.056971586971586987e+02 1.478401478401478435e-03
2.518552090552090590e+02 2.046647262647262551e+02 1.108801108801108718e-03
2.518820281820281934e+02 2.046899745899745824e+02 1.062601062601062612e-03
2.518954492954492821e+02 2.046967428967429043e+02 1.039501039501039559e-03
2.519149457149457021e+02 2.047162393162393244e+02 1.108801108801108718e-03
2.519280665280665232e+02 2.047293601293601171e+02 1.201201201201201147e-03
2.518871332871332811e+02 2.046762300762300697e+02 4.158004158004158235e-04
2.518535920535920525e+02 2.046361284361284447e+02 4.620004620004619839e-04
2.518795102795102707e+02 2.046424578424578442e+02 2.079002079002079117e-04
2.518690690690690701e+02 2.046231462231462217e+02 3.003003003003002869e-04
2.518932778932778831e+02 2.046879648879648812e+02 4.158004158004158235e-04
2.519283206283206198e+02 2.047383460383460374e+02 4.851004851004850913e-04
2.519808962808962747e+02 2.048249249249249146e+02 3.696003696003696088e-04
2.519791175791175704e+02 2.050794409794409887e+02 1.155001155001155041e-03
2.520316239316239262e+02 2.052258489258489362e+02 2.979902979902979924e-03
2.521345807345807373e+02 2.054564102564102654e+02 4.042504042504042536e-03
2.521812427812427870e+02 2.057167013167013181e+02 4.365904365904366147e-03
2.522587895587895730e+02 2.058537306537306506e+02 5.359205359205359599e-03
2.522834834834834794e+02 2.061851004851004916e+02 3.257103257103256995e-03
2.523056364056363918e+02 2.063981519981520023e+02 3.672903672903672818e-03
2.523813120813120747e+02 2.065939477939477911e+02 1.917301917301917312e-03
2.522515361515361576e+02 2.070737352737352808e+02 3.303303303303303101e-03
2.522995610995610889e+02 2.072969507969507958e+02 4.620004620004620165e-03
2.523591822591822620e+02 2.074560637560637701e+02 6.029106029106029441e-03
2.522336336336336444e+02 2.072834141834141803e+02 4.735504735504735864e-03
2.519553707553707511e+02 2.064144144144144093e+02 9.240009240009240221e-05
2.516954261954261938e+02 2.057018018018017926e+02 6.930006930006929488e-05
2.516603603603603574e+02 2.055853083853083945e+02 0.000000000000000000e+00
2.516885192885193021e+02 2.055924000924000836e+02 0.000000000000000000e+00
2.517007623007623067e+02 2.055917070917070930e+02 3.696003696003696088e-04
2.517655578655578665e+02 2.056386694386694387e+02 2.310002310002310055e-05
2.517926772926772969e+02 2.056477708477708575e+02 2.310002310002310055e-05
2.517606606606606476e+02 2.055726033726033677e+02 9.240009240009240221e-05
2.517733656733656744e+02 2.055867867867867744e+02 2.079002079002079117e-04
2.517739200739200669e+02 2.055057519057519073e+02 3.234003234003233942e-04
2.518120351120351188e+02 2.055417417417417312e+02 3.696003696003696088e-04
2.518584661584661717e+02 2.055718179718179783e+02 6.237006237006237352e-04
2.518926772926772912e+02 2.056086163086163197e+02 4.851004851004850913e-04
2.519978285978286010e+02 2.057272811272811168e+02 5.082005082005082528e-04
2.521266574266574310e+02 2.058907368907368891e+02 3.234003234003233942e-04
2.521710556710556830e+02 2.061739431739431723e+02 4.389004389004388766e-04
2.522638946638946607e+02 2.063070686070686008e+02 4.851004851004850913e-04
2.522714945714945713e+02 2.065421575421575540e+02 7.623007623007622708e-04
2.522870408870408880e+02 2.066436821436821560e+02 9.471009471009471294e-04
2.522922152922153032e+02 2.070147840147840270e+02 1.224301224301224201e-03
2.523637098637098575e+02 2.073563871563871430e+02 1.570801570801570865e-03
2.523951027951027868e+02 2.075514206514206421e+02 3.187803187803187836e-03
2.524270270270270373e+02 2.076677061677061715e+02 5.428505428505428325e-03
2.523618618618618541e+02 2.076210210210210221e+02 4.365904365904366147e-03
2.521010164010164090e+02 2.072266574266574253e+02 7.392007392007392177e-04
2.518103950103950126e+02 2.067124278124278192e+02 1.848001848001848044e-04
2.518680064680064561e+02 2.065701778701778721e+02 0.000000000000000000e+00
2.518632016632016644e+02 2.065486948486948506e+02 0.000000000000000000e+00
2.518818664818664956e+02 2.065505428505428540e+02 2.310002310002310055e-05
2.519040656040656074e+02 2.065258027258027198e+02 4.620004620004620110e-05
2.519623469623469703e+02 2.065777084777084838e+02 2.310002310002310055e-05
2.519925155925155877e+02 2.066361515361515444e+02 2.772002772002771795e-04
2.520416724416724321e+02 2.066832755832755879e+02 4.158004158004158235e-04
2.520589050589050544e+02 2.066923769923769783e+02 5.544005544005543590e-04
2.520806190806190727e+02 2.067167937167937168e+02 6.468006468006467884e-04
2.521159852159852051e+02 2.068098637098637198e+02 7.392007392007392177e-04
2.520840147840147836e+02 2.074273504273504329e+02 0.000000000000000000e+00
2.521684915684915609e+02 2.075120582120582071e+02 1.409101409101409059e-03
2.522125202125202179e+02 2.076093093093093103e+02 1.617001617001616971e-03
2.522988218988218989e+02 2.077329406329406254e+02 2.009702009702009524e-03
2.522943635943636025e+02 2.079242781242781177e+02 2.055902055902056064e-03
2.523110418110418038e+02 2.081072303072303100e+02 2.079002079002079117e-03
2.523212982212982354e+02 2.082828828828828875e+02 5.544005544005543590e-04
2.522326403326403295e+02 2.085515130515130409e+02 1.963501963501963418e-03
2.522299607299607374e+02 2.087299376299376377e+02 2.055902055902056064e-03
2.522685608685608827e+02 2.091440748440748507e+02 1.524601524601524542e-03
2.522356433356433456e+02 2.093871563871563808e+02 2.032802032802033011e-03
2.522109494109494108e+02 2.093188034188034123e+02 6.930006930006930030e-04
2.519645183645183693e+02 2.086894201894201899e+02 0.000000000000000000e+00
2.519123123123123094e+02 2.082000693000692877e+02 0.000000000000000000e+00
2.519138600138600168e+02 2.079742203742203799e+02 5.313005313005313059e-04
2.519305382305382182e+02 2.079425502425502543e+02 6.006006006006005737e-04
2.519460152460152358e+02 2.078049665049665009e+02 7.392007392007392177e-04
2.519888657888657804e+02 2.077862092862092993e+02 3.234003234003233942e-04
2.520096096096096119e+02 2.077841764841764700e+02 6.930006930006930030e-04
2.520167706167706285e+02 2.077668745668745771e+02 2.310002310002309920e-04
2.520745206745206701e+02 2.077742665742665622e+02 2.079002079002079117e-04
2.520868791868791732e+02 2.077980826980827089e+02 2.541002541002541264e-04
2.520297759297759228e+02 2.077533610533610613e+02 2.541002541002541264e-04
2.520424347424347502e+02 2.078094479094478970e+02 1.386001386001385898e-04
2.520900900900900865e+02 2.078570570570570624e+02 2.310002310002309920e-04
2.521777777777777771e+02 2.079892815892816031e+02 3.234003234003233942e-04
2.521729960729960851e+02 2.081872718872718906e+02 1.178101178101178094e-03
2.522405636405636358e+02 2.082999306999307123e+02 1.155001155001155041e-03
2.521973896973896956e+02 2.085379302379302260e+02 1.362901362901362953e-03
2.522468006468006365e+02 2.086842688842688744e+02 2.564102564102564100e-03
2.522306306306306283e+02 2.088971817971817870e+02 2.956802956802956871e-03
2.522112497112497067e+02 2.090965118965118847e+02 2.564102564102564100e-03
2.522133518133518066e+02 2.093067914067914046e+02 3.003003003003002977e-03
2.522391776391776261e+02 2.095349734349734376e+02 4.204204204204204341e-03
2.523140910140910194e+02 2.096618387618387658e+02 6.075306075306075547e-03
2.522971355971355933e+02 2.098899745899745994e+02 7.345807345807345637e-03
2.522454839454839544e+02 2.101137907137907064e+02 4.088704088704088642e-03
2.522941556941557053e+02 2.102438207438207485e+02 4.296604296604296554e-03
2.521067914067914160e+02 2.099924231924231890e+02 1.432201432201432112e-03
2.519263802263802177e+02 2.091083391083390950e+02 6.930006930006929488e-05
2.518548625548625637e+02 2.085805728805728734e+02 2.310002310002310055e-05
2.517789789789789836e+02 2.083811734811734766e+02 0.000000000000000000e+00
2.517503118503118458e+02 2.082388080388080311e+02 0.000000000000000000e+00
2.517226149226149232e+02 2.081745206745206644e+02 0.000000000000000000e+00
2.517288057288057246e+02 2.080666897666897626e+02 2.310002310002310055e-05
2.517983598983599052e+02 2.079093555093555210e+02 1.848001848001848044e-04
2.518637098637098575e+02 2.077979902979903102e+02 1.155001155001154960e-04
2.518473781473781514e+02 2.077920535920536054e+02 1.386001386001385898e-04
2.518656040656040602e+02 2.076703857703857636e+02 1.617001617001616971e-04
2.519230076230076349e+02 2.076044814044813904e+02 5.082005082005082528e-04
2.519786324786324769e+02 2.076509586509586427e+02 7.161007161007160561e-04
2.520240471240471152e+02 2.077502656502656464e+02 8.316008316008316470e-04
2.520483021483021560e+02 2.078327558327558222e+02 9.009009009009009148e-04
2.520915915915915946e+02 2.078944328944328959e+02 8.547008547008547001e-04
2.520904134904134821e+02 2.081644490644490588e+02 1.524601524601524542e-03
2.521391776391776318e+02 2.083409101409101538e+02 1.824901824901824883e-03
2.521097482097482043e+02 2.085679371679371741e+02 1.178101178101178094e-03
2.521693231693231780e+02 2.087076230076229990e+02 1.455301455301455382e-03
2.521925386925387045e+02 2.088224763224763194e+02 1.409101409101409059e-03
2.521909678909678973e+02 2.090727188727188661e+02 1.062601062601062612e-03
2.520194271194271209e+02 2.096959574959574866e+02 0.000000000000000000e+00
2.520627165627165596e+02 2.097592053592053674e+02 0.000000000000000000e+00
2.520944559944559842e+02 2.098065604065604077e+02 0.000000000000000000e+00
2.521687456687456574e+02 2.098916608916609050e+02 1.386001386001385898e-04
2.522202818202818264e+02 2.101370755370755319e+02 5.544005544005543590e-04
2.522688611688611786e+02 2.102895818895818820e+02 9.471009471009471294e-04
2.522712173712173751e+02 2.105182259182259088e+02 8.316008316008316470e-04
2.522849849849849875e+02 2.106822129822129739e+02 1.386001386001385898e-04
2.523060753060753143e+02 2.107279741279741359e+02 3.003003003003002869e-04
2.521547932547932476e+02 2.105633171633171514e+02 9.240009240009240221e-05
2.518374682374682436e+02 2.100715407715407821e+02 9.240009240009240221e-05
2.518067914067914046e+02 2.097430584430584304e+02 0.000000000000000000e+00
2.518275814275814355e+02 2.096995379995379949e+02 0.000000000000000000e+00
2.518495495495495504e+02 2.096435204435204298e+02 0.000000000000000000e+00
2.518641718641718512e+02 2.095121506121506059e+02 1.386001386001385898e-04
2.518372372372372467e+02 2.094630399630399609e+02 9.240009240009240221e-05
2.518451836451836527e+02 2.094532455532455515e+02 9.240009240009240221e-05
2.518805035805035857e+02 2.094512358512358503e+02 4.620004620004620110e-05
2.519132825132825246e+02 2.094561561561561689e+02 2.541002541002541264e-04
2.519331254331254399e+02 2.094699006699006816e+02 4.620004620004619839e-04
2.519314391314391344e+02 2.094518595518595419e+02 4.620004620004619839e-04
2.519737583737583861e+02 2.094939939939939961e+02 4.851004851004850913e-04
2.520430122430122424e+02 2.095829290829290699e+02 3.465003465003465015e-04
2.521104874104874227e+02 2.096945945945946050e+02 4.389004389004388766e-04
2.521685146685146606e+02 2.098257796257796315e+02 5.544005544005543590e-04
2.521935088935088913e+02 2.099793947793947666e+02 9.702009702009701825e-04
2.522218757218757332e+02 2.101779625779625746e+02 2.772002772002771795e-04
2.522869715869715890e+02 2.102870408870408880e+02 9.933009933009932357e-04
2.523042504042504106e+02 2.104211596211596316e+02 9.009009009009009148e-04
2.523366828366828258e+02 2.105001617001616978e+02 5.544005544005543590e-04
2.523086856086856073e+02 2.107253407253407147e+02 5.544005544005543590e-04
2.522822360822360963e+02 2.109103026103026082e+02 1.871101871101871206e-03
2.522922383922384029e+02 2.111496419496419605e+02 2.471702471702471888e-03
2.523419496419496397e+02 2.113500808500808432e+02 8.778008778008777532e-04
2.523692307692307679e+02 2.115503349503349568e+02 2.541002541002541264e-04
2.524194040194040269e+02 2.118460614460614408e+02 2.772002772002771795e-04
2.522728112728112819e+02 2.116056826056826026e+02 2.772002772002771795e-04
2.522686070686070821e+02 2.116036498036498017e+02 2.772002772002771795e-04
2.522860244860244734e+02 2.116244398244398326e+02 4.389004389004388766e-04
2.523316239316239376e+02 2.116741048741048701e+02 5.775005775005775206e-04
2.523796719796719685e+02 2.117491568491568614e+02 8.778008778008777532e-04
2.520778932778932813e+02 2.105341187341187208e+02 2.079002079002079117e-04
2.519925848925848868e+02 2.103646338646338734e+02 1.155001155001154960e-04
2.518779394779394920e+02 2.099910602910602790e+02 6.930006930006929488e-05
2.517718641718641663e+02 2.098068145068145043e+02 6.930006930006929488e-05
2.518708939708939738e+02 2.096424116424116448e+02 1.016401016401016506e-03
2.518947793947793912e+02 2.096796026796026808e+02 9.702009702009701825e-04
2.519198891198891204e+02 2.095789558789558669e+02 1.640101640101640024e-03
2.519253407253407318e+02 2.095103950103950012e+02 1.409101409101409059e-03
2.519213906213906284e+02 2.094677292677292542e+02 1.455301455301455382e-03
2.519201432201432169e+02 2.094435666435666406e+02 1.848001848001847936e-03
2.519395241395241385e+02 2.093703626703626810e+02 1.617001617001616971e-03
2.519768768768768723e+02 2.093992145992145879e+02 1.709401709401709400e-03
2.520212289212289249e+02 2.093680757680757551e+02 1.824901824901824883e-03
2.520428043428043452e+02 2.093961422961423011e+02 1.894201894201894259e-03
2.521128205128205195e+02 2.094583968583968669e+02 1.917301917301917312e-03
2.521500808500808546e+02 2.095121968121968052e+02 1.617001617001616971e-03
2.521993993993993968e+02 2.095960729960729907e+02 1.848001848001847936e-03
2.522022638022638148e+02 2.096893277893277912e+02 1.455301455301455382e-03
2.522438669438669478e+02 2.097371679371679249e+02 1.824901824901824883e-03
2.520135366135366155e+02 2.101948486948487016e+02 0.000000000000000000e+00
2.520550704550704495e+02 2.102382305382305390e+02 0.000000000000000000e+00
2.520769230769230660e+02 2.102586047586047471e+02 0.000000000000000000e+00
2.520930237930238036e+02 2.102964194964195030e+02 4.620004620004620110e-05
2.521443289443289473e+02 2.103931854931854843e+02 1.617001617001616971e-04
2.522440517440517453e+02 2.105026103026102930e+02 6.468006468006467884e-04
2.522608685608685732e+02 2.106125202125202236e+02 7.854007854007854323e-04
2.523106029106029098e+02 2.107302379302379336e+02 8.316008316008316470e-04
2.523179949179949233e+02 2.108553938553938565e+02 6.699006699006699499e-04
2.523204435204435185e+02 2.109920997920997934e+02 5.775005775005775206e-04
2.523401709401709354e+02 2.111128205128205195e+02 5.313005313005313059e-04
2.523358050358050377e+02 2.112489027489027364e+02 1.155001155001155041e-03
2.522319704319704385e+02 2.111081081081080981e+02 1.108801108801108718e-03
2.521092169092169115e+02 2.107865095865095952e+02 3.465003465003465015e-04
2.519372834372834404e+02 2.104615615615615525e+02 0.000000000000000000e+00
2.518941094941095002e+02 2.102574035574035634e+02 0.000000000000000000e+00
2.518785400785400839e+02 2.101730422730422845e+02 4.158004158004158235e-04
2.518350427350427481e+02 2.100248556248556326e+02 6.930006930006930030e-04
2.518437976437976431e+02 2.099174636174636248e+02 1.362901362901362953e-03
2.518674520674520636e+02 2.099204666204666125e+02 8.316008316008316470e-04
2.518792792792792739e+02 2.098587664587664676e+02 9.009009009009009148e-04
2.519057519057519130e+02 2.097142989142989222e+02 3.927003927003927162e-04
2.519161931161931136e+02 2.096820974820974754e+02 3.234003234003233942e-04
2.518880110880110976e+02 2.095993069993070037e+02 3.465003465003465015e-04
2.518956571956572077e+02 2.095820050820050824e+02 5.313005313005313059e-04
2.518776853776853670e+02 2.095659274659274729e+02 6.006006006006005737e-04
2.519172326172326279e+02 2.095805266805266740e+02 2.079002079002079117e-04
2.519692307692307622e+02 2.096548856548856463e+02 5.082005082005082528e-04
2.519757449757449876e+02 2.096565719565719519e+02 5.775005775005775206e-04
2.520245784245784364e+02 2.096851697851697907e+02 4.851004851004850913e-04
2.520655116655116785e+02 2.097318318318318404e+02 8.085008085008084855e-04
2.520660429660429713e+02 2.097694617694617705e+02 9.240009240009239679e-04
2.520837837837837867e+02 2.098012936012935938e+02 9.009009009009009148e-04
2.520938784938784920e+02 2.098597135597135548e+02 8.316008316008316470e-04
2.521423192423192461e+02 2.099403095403095278e+02 9.933009933009932357e-04
2.521529221529221445e+02 2.099960267960267970e+02 1.201201201201201147e-03
2.522238392238392350e+02 2.100812889812889921e+02 9.471009471009471294e-04
2.522171402171402121e+02 2.101945252945253060e+02 1.386001386001386006e-03
2.522925848925848982e+02 2.103052668052667968e+02 2.910602910602910764e-03
2.522805497805497907e+02 2.103549549549549624e+02 2.887502887502887711e-03
2.520647031647031611e+02 2.101245091245091317e+02 9.009009009009009148e-04
2.518799491799491932e+02 2.095855162855162916e+02 3.003003003003002869e-04
2.518564795564795702e+02 2.091722568722568667e+02 0.000000000000000000e+00
2.518310926310926448e+02 2.088575652575652555e+02 0.000000000000000000e+00
2.518811503811503769e+02 2.087187572187572187e+02 0.000000000000000000e+00
2.518744051744051831e+02 2.086525063525063501e+02 0.000000000000000000e+00
2.519366135366135495e+02 2.083732039732039709e+02 6.006006006006005737e-04
2.519406560406560516e+02 2.084008085008084947e+02 7.854007854007854323e-04
2.519424347424347559e+02 2.082978978978979114e+02 7.392007392007392177e-04
2.519302841302841216e+02 2.082286902286902261e+02 9.240009240009240221e-05
2.518957495957496064e+02 2.079878262878262944e+02 1.386001386001385898e-04
2.519337029337029321e+02 2.079877800877800951e+02 1.386001386001385898e-04
2.519465234465234573e+02 2.079219912219912203e+02 1.617001617001616971e-04
2.519822360822360849e+02 2.079300762300762244e+02 9.240009240009240221e-05
2.520219681219681149e+02 2.079322476322476234e+02 6.930006930006929488e-05
2.520708015708015637e+02 2.079875028875028988e+02 9.240009240009240221e-05
2.521036267036267020e+02 2.080385308385308463e+02 6.699006699006699499e-04
2.521801570801570733e+02 2.081386694386694387e+02 4.158004158004158235e-04
2.522264264264264284e+02 2.082074844074844009e+02 4.851004851004850913e-04
2.521881034881034793e+02 2.082407946407946326e+02 5.082005082005082528e-04
2.520573573573573469e+02 2.085062601062601004e+02 2.310002310002310055e-05
2.520647031647031611e+02 2.085069531069531195e+02 4.620004620004620110e-05
2.520914529914529965e+02 2.085381381381381516e+02 4.620004620004620110e-05
2.521526218526218486e+02 2.086197043197043115e+02 5.313005313005313059e-04
2.521687918687918568e+02 2.087615615615615638e+02 5.313005313005313059e-04
2.521879648879648812e+02 2.088675906675906617e+02 6.699006699006699499e-04
2.522577962577962580e+02 2.089460614460614352e+02 5.082005082005082528e-04
2.522377685377685452e+02 2.090015015015015081e+02 5.544005544005543590e-04
2.520982443982443897e+02 2.087278355278355377e+02 6.699006699006699499e-04
2.518694386694386651e+02 2.077158235158235300e+02 7.392007392007392177e-04
2.517965349965350015e+02 2.070124740124740015e+02 0.000000000000000000e+00
2.517933471933471878e+02 2.067477015477015527e+02 1.386001386001385898e-04
2.517732963732963754e+02 2.066297759297759171e+02 0.000000000000000000e+00
2.518025641025641050e+02 2.064349734349734433e+02 0.000000000000000000e+00
2.517997458997458864e+02 2.063152229152229040e+02 9.240009240009240221e-05
2.518335181335181403e+02 2.061880341880341803e+02 8.316008316008316470e-04
2.518341187341187322e+02 2.061471471471471375e+02 8.316008316008316470e-04
2.518637329637329572e+02 2.058927696927696900e+02 1.478401478401478435e-03
2.518239547239547278e+02 2.058007854007854007e+02 1.478401478401478435e-03
2.518030492030491985e+02 2.055599676599676684e+02 2.102102102102102171e-03
2.518231924231924097e+02 2.055818202818202849e+02 2.171402171402171330e-03
2.518517902517902485e+02 2.055777084777084838e+02 2.517902517902517994e-03
2.518867867867867858e+02 2.056094710094710081e+02 2.772002772002772012e-03
2.519597135597135491e+02 2.056935781935781904e+02 2.979902979902979924e-03
2.519908523908523819e+02 2.057447678447678356e+02 2.633402633402633260e-03
2.520996996996996984e+02 2.058722799722799834e+02 2.725802725802725906e-03
2.521607530607530521e+02 2.059800415800415863e+02 3.141603141603141729e-03
2.522208131208131192e+02 2.060439824439824577e+02 2.587202587202587153e-03
2.522467313467313375e+02 2.061633402633402739e+02 2.009702009702009524e-03
2.522953337953337893e+02 2.062190344190344149e+02 2.448602448602448401e-03
2.523535689535689528e+02 2.063519519519519463e+02 1.409101409101409059e-03
2.523340725340725328e+02 2.065038577038577046e+02 1.778701778701778776e-03
2.523708708708708741e+02 2.066181797181797322e+02 1.801801801801801830e-03
2.524044121044121027e+02 2.069331716331716393e+02 1.293601293601293577e-03
2.524131670131670262e+02 2.071874566874566881e+02 1.824901824901824883e-03
2.522962115962116059e+02 2.074492261492261491e+02 2.494802494802494941e-03
2.522565950565950459e+02 2.074332640332640381e+02 3.280203280203280048e-03
2.520517671517671658e+02 2.069972510972511088e+02 6.930006930006930030e-04
2.518916608916609050e+02 2.060104181104181009e+02 2.310002310002309920e-04
2.518249711249711140e+02 2.057938553938553810e+02 0.000000000000000000e+00
2.518041811041811116e+02 2.056520674520674561e+02 0.000000000000000000e+00
2.517851235851235856e+02 2.056008547008547112e+02 0.000000000000000000e+00
2.518070686070686008e+02 2.055636636636636752e+02 0.000000000000000000e+00
2.518272811272811396e+02 2.055390621390621391e+02 0.000000000000000000e+00
2.517855393855393800e+02 2.054495957495957441e+02 6.930006930006929488e-05
2.517635250635250657e+02 2.054206976206976094e+02 6.930006930006929488e-05
2.517472626472626587e+02 2.052899514899514770e+02 2.079002079002079117e-04
2.517647031647031781e+02 2.052952413952413906e+02 3.465003465003465015e-04
2.517530376530376657e+02 2.052425502425502373e+02 5.544005544005543590e-04
2.518130977130977044e+02 2.053048510048510025e+02 3.234003234003233942e-04
2.518496650496650489e+02 2.053592515592515610e+02 3.696003696003696088e-04
2.519087780087780004e+02 2.054693462693462607e+02 6.930006930006930030e-04
2.519768075768075732e+02 2.056368676368676347e+02 6.006006006006005737e-04
2.520584199584199609e+02 2.056936474936474895e+02 8.316008316008316470e-04
2.521389466389466349e+02 2.058340032340032337e+02 1.316701316701316630e-03
2.521993069993069980e+02 2.059754677754677630e+02 1.593901593901593918e-03
2.522140448140448257e+02 2.060965811965811838e+02 2.564102564102564100e-03
2.522399861399861436e+02 2.062794409794409773e+02 2.564102564102564100e-03
2.522589281589281711e+02 2.064242781242781177e+02 2.933702933702933818e-03
2.522724185724185588e+02 2.066677754677754706e+02 3.672903672903672818e-03
2.520237930237930186e+02 2.075289212289212344e+02 0.000000000000000000e+00
2.521054285054285060e+02 2.076057981057981010e+02 0.000000000000000000e+00
2.521864633864633731e+02 2.077113190113190058e+02 0.000000000000000000e+00
2.522242088242088300e+02 2.078231693231693100e+02 4.620004620004620110e-05
2.522856779856779781e+02 2.079219681219681206e+02 9.240009240009240221e-05
2.523250404250404131e+02 2.080010626010626140e+02 1.155001155001154960e-04
2.521279279279279137e+02 2.076309771309771293e+02 6.930006930006929488e-05
2.519114114114114216e+02 2.069227997227997093e+02 1.155001155001154960e-04
2.518584430584430720e+02 2.065758604758604804e+02 6.930006930006929488e-05
2.518534303534303547e+02 2.065030261030261158e+02 9.240009240009240221e-05
2.518594363594363585e+02 2.064548856548856577e+02 2.310002310002310055e-05
2.518713559713559675e+02 2.063367059367059255e+02 7.854007854007854323e-04
2.518806421806421838e+02 2.063067221067221055e+02 8.085008085008084855e-04
2.518887733887733873e+02 2.062804342804342923e+02 1.663201663201663294e-03
2.518902055902055963e+02 2.062086856086856130e+02 1.016401016401016506e-03
2.518795102795102707e+02 2.061754677754677800e+02 1.155001155001155041e-03
2.518412566412566491e+02 2.060950796950797042e+02 9.471009471009471294e-04
2.518697851697851604e+02 2.059851466851466739e+02 1.293601293601293577e-03
2.519269115269115389e+02 2.060219450219450152e+02 1.501501501501501488e-03
2.519353892353892377e+02 2.061135828135828092e+02 9.471009471009471294e-04
2.520033957033957108e+02 2.062027258027258085e+02 9.702009702009701825e-04
2.520455994455994357e+02 2.062610995610995701e+02 1.316701316701316630e-03
2.520467313467313488e+02 2.063122892122892154e+02 7.623007623007622708e-04
2.520449757449757442e+02 2.063649572649572690e+02 7.854007854007854323e-04
2.520916839916839933e+02 2.064142758142758112e+02 9.471009471009471294e-04
2.521449295449295391e+02 2.065498036498036356e+02 1.224301224301224201e-03
2.521509124509124433e+02 2.066234234234234179e+02 1.617001617001616971e-03
2.521868329868329965e+02 2.067005082005082102e+02 1.501501501501501488e-03
2.521896511896511868e+02 2.067970662970662943e+02 8.085008085008084855e-04
2.522257565257565375e+02 2.069103719103719072e+02 1.201201201201201147e-03
2.522978054978054843e+02 2.070675444675444794e+02 1.224301224301224201e-03
2.523760683760683889e+02 2.071439824439824520e+02 3.234003234003233942e-03
2.523341187341187322e+02 2.073443751443751353e+02 2.702702702702702853e-03
2.522713559713559732e+02 2.073695310695310638e+02 2.217602217602217436e-03
2.521364518364518403e+02 2.071480480480480537e+02 1.201201201201201147e-03
2.520414645414645349e+02 2.061596211596211674e+02 1.848001848001848044e-04
2.518479556479556436e+02 2.056412104412104327e+02 2.310002310002310055e-05
2.518219219219219269e+02 2.055042273042272996e+02 4.620004620004620110e-05
2.517553014553014634e+02 2.053999075999076069e+02 4.620004620004620110e-05
2.517931854931854900e+02 2.053987294987294945e+02 6.930006930006929488e-05
2.518125433125433119e+02 2.053822129822129909e+02 6.930006930006929488e-05
2.518305613305613235e+02 2.053563409563409436e+02 6.930006930006929488e-05
2.518650727650727674e+02 2.053289443289443170e+02 1.108801108801108718e-03
2.518294525294525386e+02 2.052933240933240882e+02 5.544005544005543590e-04
2.517567105567105443e+02 2.051118041118041049e+02 6.699006699006699499e-04
2.517495726495726558e+02 2.050607992607992571e+02 1.940401940401940365e-03
2.517825132825132926e+02 2.050688611688611616e+02 1.940401940401940365e-03
2.518276507276507346e+02 2.051217602217602121e+02 1.801801801801801830e-03
2.518438438438438425e+02 2.051962115962115831e+02 1.732501732501732453e-03
2.519199353199353197e+02 2.052608454608454736e+02 1.593901593901593918e-03
2.519587433587433623e+02 2.053453453453453506e+02 1.686301686301686347e-03
