2.522409291975358769e+02 2.037551901001384067e+02 2.742543895356726047e-01
2.522409291975358769e+02 2.037551901001384067e+02 2.742543895356726047e-01
2.522382696952427352e+02 2.037525305978452650e+02 2.721919183695622468e-01
2.521399223859534970e+02 2.037137778501451919e+02 2.201959347607804762e-01
2.520986186870742642e+02 2.037728839317213385e+02 1.941979429563895909e-01
2.523663057342126024e+02 2.038209720752259102e+02 1.744145024288311641e-01
2.523270373687209940e+02 2.053909468370919171e+02 4.963499687915547132e-02
2.522268446904936354e+02 2.058342695866916472e+02 1.508860484680724090e-02
2.521175337186897991e+02 2.061004911937908730e+02 7.679991315910879648e-03
2.521598686531520457e+02 2.062327607262069478e+02 3.473635648185839295e-03
2.521255122255692243e+02 2.063230209775027788e+02 2.442400065130668606e-03
2.520938424380580329e+02 2.063746098944340304e+02 4.613422345246817949e-03
2.521315368123965470e+02 2.064599039322640976e+02 5.780346820809248269e-03
2.521859209205134391e+02 2.065348042009281073e+02 7.897093543922494713e-03
2.521935194984938562e+02 2.066562457597221112e+02 7.788542429916687181e-03
2.521923254362397984e+02 2.067747835762164641e+02 7.625715758907975449e-03
2.521782952047545336e+02 2.068446633558576764e+02 8.955466905479117501e-03
2.521839670004613367e+02 2.069634996879155437e+02 1.131645363510543068e-02
2.522406035441938741e+02 2.071165838964422505e+02 1.261906700317511933e-02
2.522587587180113360e+02 2.072215528236858404e+02 1.082797362207929721e-02
2.522979999457244560e+02 2.074630790523487747e+02 7.245786859887649520e-03
2.522523813400634936e+02 2.076484572172921901e+02 7.734266872913782981e-03
2.523150153328448653e+02 2.077927487855844220e+02 9.009742462482020833e-03
2.523076067193139522e+02 2.079485467719612473e+02 9.009742462482020833e-03
2.523178376618089942e+02 2.081990556053081605e+02 5.427555700290374006e-03
2.523426415913593246e+02 2.084849792395994541e+02 5.753209042307796603e-03
2.522612553936334905e+02 2.086263399278135182e+02 5.997449048820863333e-03
2.522624223181090315e+02 2.088176069906917292e+02 3.365084534180032196e-03
2.521993541208716749e+02 2.088545686450107155e+02 2.903742299655350401e-03
2.520422535211267530e+02 2.084997150533257297e+02 2.523813400635024039e-03
2.518765231078184001e+02 2.074781947949740868e+02 0.000000000000000000e+00
2.518385573556948600e+02 2.072402778908518428e+02 0.000000000000000000e+00
2.518238215419685844e+02 2.070258080273548842e+02 0.000000000000000000e+00
2.518232787863985322e+02 2.069963906754593097e+02 0.000000000000000000e+00
2.518299546799098891e+02 2.069978561154983936e+02 2.171022280116149559e-04
2.518528589649651224e+02 2.070181551738174619e+02 2.713777850145186949e-05
2.518693858720725132e+02 2.070494450324296452e+02 4.613422345246817949e-04
2.519187766289451531e+02 2.070866780645336291e+02 7.327200195392005169e-04
2.519028738907433080e+02 2.070105294580585564e+02 7.327200195392005169e-04
2.519245841135444550e+02 2.070168254226709053e+02 7.598577980406523999e-04
2.519783983283128350e+02 2.070799750332437839e+02 4.342044560232299118e-04
2.519907460175309950e+02 2.071492035062009904e+02 4.342044560232299118e-04
2.521415235148850797e+02 2.074050584819126755e+02 7.598577980406523999e-04
2.522018507964938010e+02 2.075849819533773086e+02 8.955466905479117067e-04
2.522316752150669004e+02 2.076645227821650508e+02 7.869955765421042830e-04
2.522069798366305804e+02 2.078738636055252584e+02 6.784444625362967508e-04
2.522201959347607669e+02 2.079703384080979163e+02 1.573991153084208566e-03
2.519942196531791865e+02 2.076760834758066778e+02 2.713777850145187220e-04
2.518702271432060513e+02 2.073234823197373089e+02 5.427555700290373898e-05
2.518078916659882225e+02 2.071122147141035157e+02 8.141333550435560847e-05
2.518064533637276554e+02 2.070557952725989992e+02 8.141333550435560847e-05
2.518561969117208150e+02 2.070464870145729890e+02 5.427555700290374440e-04
2.518915574371081902e+02 2.070815218866183613e+02 6.513066840348448678e-04
2.519204048956552526e+02 2.071464625905723267e+02 6.784444625362967508e-04
2.519483568075117432e+02 2.072117832234253285e+02 1.384026703574045385e-03
2.519741648348666274e+02 2.071692311867350611e+02 5.156177915275855610e-04
2.519275149936226228e+02 2.070644250861624585e+02 6.784444625362967508e-04
2.518927514993622481e+02 2.068102797904963381e+02 1.031235583055171122e-03
2.517897907677277658e+02 2.058157616217536372e+02 3.799288990203262000e-04
2.517838204564574482e+02 2.050956606692176081e+02 0.000000000000000000e+00
2.517745936117669316e+02 2.038890607614860642e+02 5.698933485304893271e-04
2.518419224402290411e+02 2.039563895899481736e+02 7.869955765421042830e-04
2.518864012591929225e+02 2.040547097614589234e+02 5.427555700290374440e-04
2.518987489484110824e+02 2.040740047219734663e+02 5.698933485304893271e-04
2.518628728052321719e+02 2.040329181253222544e+02 1.085511140058074888e-03
2.517593421802491207e+02 2.038608374718445475e+02 5.427555700290374440e-04
2.517113897256370478e+02 2.037854215853890310e+02 7.327200195392005169e-04
2.517463431843469266e+02 2.037900892832912803e+02 8.955466905479117067e-04
2.518423837824635712e+02 2.040356047653939129e+02 1.004097804553719239e-03
2.520118049336481363e+02 2.044133897799126203e+02 9.769600260522673559e-04
2.521090124562403219e+02 2.047311731661646093e+02 2.116746723113246010e-03
2.521987028141876408e+02 2.050488208635240994e+02 2.116746723113246010e-03
2.522010638009172681e+02 2.051924068495752920e+02 1.872506716600179063e-03
2.522261391082525961e+02 2.052938478656137136e+02 2.225297837119053542e-03
2.523404705690792014e+02 2.055268256940486822e+02 3.745013433200358125e-03
2.523767809167141536e+02 2.058606746451735603e+02 3.663600097696002693e-03
2.523440798936199201e+02 2.063429401069228390e+02 1.709680045591467981e-03
2.521964775163505124e+02 2.069444489674075385e+02 8.955466905479117067e-04
2.521337621102336470e+02 2.084138239843686335e+02 2.442400065130668390e-04
2.523444598225189281e+02 2.093614752096393374e+02 2.713777850145187220e-04
2.522009823875817460e+02 2.105689706640614531e+02 2.713777850145186949e-05
2.522622323536595275e+02 2.107907677277538028e+02 8.684089120464598237e-04
2.523282585687535686e+02 2.110827973622079412e+02 8.684089120464598237e-04
2.523457624358869964e+02 2.111540340307742269e+02 1.791093381095823413e-03
2.518442834269586683e+02 2.091769654536079770e+02 0.000000000000000000e+00
2.517863442698580627e+02 2.089805150750359530e+02 0.000000000000000000e+00
2.518532388938641589e+02 2.083642975386034948e+02 0.000000000000000000e+00
2.518555456050367809e+02 2.083557491383755291e+02 0.000000000000000000e+00
2.518813536323916651e+02 2.083467122581345450e+02 1.899644495101631000e-04
2.519175825666910953e+02 2.083409319113137315e+02 4.613422345246817949e-04
2.519698227903063810e+02 2.083996309262123816e+02 8.141333550435560847e-05
2.520190235827295169e+02 2.084116529620885103e+02 2.713777850145186949e-05
2.519988602133029474e+02 2.083876088903362245e+02 1.628266710087112169e-04
2.519778284349643229e+02 2.083843794946945707e+02 7.869955765421042830e-04
2.520160384270943439e+02 2.084385465005834703e+02 1.519715596081304800e-03
2.520620912372113196e+02 2.085058481912670629e+02 1.519715596081304800e-03
2.521576976308719509e+02 2.086808868626014259e+02 3.256533420174224339e-04
2.521894759694971242e+02 2.088960080327824471e+02 5.970311270319412101e-04
2.522421232597899632e+02 2.091671687155689483e+02 1.004097804553719239e-03
2.522047545387934520e+02 2.094148280821731873e+02 1.004097804553719239e-03
2.522007381475752368e+02 2.095128497381204511e+02 5.156177915275855610e-04
2.522157182013080501e+02 2.096974951830443104e+02 5.698933485304893271e-04
2.522249179082200214e+02 2.098078645282097341e+02 8.412711335450080491e-04
2.522227740237184150e+02 2.099096040598116701e+02 1.004097804553719239e-03
2.522566691090667348e+02 2.100216016716871650e+02 1.085511140058074888e-03
2.522466552687996852e+02 2.100871394067681592e+02 1.546853374582756683e-03
2.522752856251187268e+02 2.102041846454449114e+02 1.221200032565334303e-03
2.522632907270210865e+02 2.102706450649949659e+02 2.713777850145187003e-03
2.522529783711905225e+02 2.102977014301609131e+02 3.120844527666965032e-03
2.522043203343374387e+02 2.102003582186762287e+02 1.872506716600179063e-03
2.517555700290374148e+02 2.075558359792667318e+02 0.000000000000000000e+00
2.517976335857146637e+02 2.073850308013786048e+02 1.356888925072593610e-04
2.517903335232977895e+02 2.071910228228717301e+02 0.000000000000000000e+00
2.517907677277538028e+02 2.070316697875111913e+02 3.799288990203262000e-04
2.517723411761513148e+02 2.069780726749708322e+02 4.342044560232299118e-04
2.517808895763792805e+02 2.068833889657792611e+02 1.085511140058074780e-04
2.518352194089391958e+02 2.069065646286194919e+02 5.970311270319412101e-04
2.518890878992645526e+02 2.069621699367689871e+02 1.085511140058074888e-03
2.518684360498249646e+02 2.069467285408016437e+02 1.112648918559526771e-03
2.519037151618768462e+02 2.069855898396157272e+02 1.248337811066785969e-03
2.519890091997069135e+02 2.068817878368476784e+02 2.415262286629216507e-03
2.520335151564492833e+02 2.069332410648864311e+02 2.550951179136475705e-03
2.520851854867160569e+02 2.070229042850552332e+02 2.795191185649542869e-03
2.521466254172433423e+02 2.071081169095497785e+02 2.958017856658254167e-03
2.521626638443377146e+02 2.072485549132948108e+02 2.958017856658254167e-03
2.521787836847675521e+02 2.073415289424407604e+02 2.876604521153898301e-03
2.522801704252489969e+02 2.074435127140492341e+02 1.791093381095823413e-03
2.522606583625064331e+02 2.076640885777090375e+02 2.605226736139379471e-03
2.522669814648972704e+02 2.076929903118130767e+02 2.849466742652446635e-03
2.523195744796331041e+02 2.078208635241119282e+02 3.799288990203261891e-03
2.523273358842845084e+02 2.078923444326847516e+02 4.233493446226492020e-03
2.523137127194767970e+02 2.079476512252707039e+02 4.043528996716328622e-03
2.523138755461477842e+02 2.080836114955629625e+02 2.360986729626312740e-03
2.523488832804146682e+02 2.082366685663111525e+02 2.632364514640831571e-03
2.523011207902520994e+02 2.084557247143748953e+02 1.791093381095823413e-03
2.523724388721539356e+02 2.085794729843414927e+02 3.772151211701810225e-03
2.523003066568970780e+02 2.087805367852587608e+02 1.601128931585660449e-03
2.523082580259979864e+02 2.088186110884962829e+02 2.659502293142283237e-03
2.520798664821297734e+02 2.084971912399250868e+02 1.465440039078401034e-03
2.519183424244891398e+02 2.078040923769980282e+02 7.869955765421042830e-04
2.518350565822681801e+02 2.075215066894623988e+02 7.869955765421042830e-04
2.518675676409129096e+02 2.074945317376319451e+02 0.000000000000000000e+00
2.518693858720725132e+02 2.074704062525441657e+02 0.000000000000000000e+00
2.518277022442942723e+02 2.072517843089364646e+02 2.713777850145187220e-04
2.518388015957013693e+02 2.072659230915357398e+02 1.085511140058074780e-04
2.518976091617140298e+02 2.072514043800374566e+02 1.356888925072593610e-04
2.519211647534532688e+02 2.072562349046107215e+02 2.713777850145186949e-05
2.519028738907433080e+02 2.071644549377188014e+02 1.085511140058074780e-04
2.519234714646259192e+02 2.071954734185459586e+02 1.085511140058074780e-04
2.519178810822546097e+02 2.071955276941029638e+02 1.085511140058074780e-04
2.519371489049906359e+02 2.072269532416076459e+02 2.713777850145186949e-05
2.519584249233357696e+02 2.072640777225976194e+02 5.427555700290373898e-05
2.519896605063909476e+02 2.073001981057830676e+02 5.427555700290373898e-05
2.520106651469510837e+02 2.073298868354636397e+02 1.085511140058074780e-04
2.520639908817064168e+02 2.073797389345708098e+02 1.899644495101631000e-04
2.520841813889115031e+02 2.073862520014111510e+02 2.442400065130668390e-04
2.521304784390349880e+02 2.075060924312735722e+02 1.356888925072593610e-04
2.521428261282531480e+02 2.075386849032538237e+02 2.171022280116149559e-04
2.521988927786371448e+02 2.076087817851230568e+02 1.356888925072593610e-04
2.522106977122852811e+02 2.076834649515590741e+02 5.698933485304893271e-04
2.522079839344351342e+02 2.077190697169529585e+02 7.598577980406523999e-04
2.522341176151320212e+02 2.078124236749979730e+02 8.955466905479117067e-04
2.522335477217834807e+02 2.079259138646910401e+02 8.955466905479117067e-04
2.522216613747998508e+02 2.080605715216152305e+02 1.004097804553719239e-03
2.522153111346305252e+02 2.081575076664224184e+02 1.004097804553719239e-03
2.522545252245651284e+02 2.083066840348449205e+02 1.302613368069689736e-03
2.523125186572227108e+02 2.084690765013976090e+02 2.930880078156802068e-03
2.522997367635485375e+02 2.086885668539173366e+02 3.527911205188743061e-03
2.522986241146299733e+02 2.086885397161388482e+02 2.985155635159705834e-03
2.521399495237319854e+02 2.084484246519579926e+02 2.713777850145187003e-03
2.519019240684957595e+02 2.079325626204238802e+02 5.427555700290373898e-05
2.518413254091020121e+02 2.077131536812396462e+02 5.427555700290373898e-05
2.518370105023202825e+02 2.076172487720155289e+02 5.427555700290373898e-05
2.518578523162094029e+02 2.076048468072403637e+02 2.713777850145186949e-05
2.518445548047436944e+02 2.074862547151890055e+02 1.085511140058074780e-04
2.518538902005481930e+02 2.075069608401856271e+02 3.799288990203262000e-04
2.519150858910689692e+02 2.075651170995142252e+02 7.598577980406523999e-04
2.519845314662541682e+02 2.076367879725365810e+02 1.275475589568237852e-03
2.519632825856875229e+02 2.076096773318136286e+02 1.085511140058074888e-03
2.519847214307036722e+02 2.076100843984911535e+02 1.763955602594371530e-03
2.519836630573421132e+02 2.076397731281717256e+02 8.141333550435560847e-05
2.519994843822084647e+02 2.076338842302369017e+02 2.713777850145186949e-05
2.520485223479605850e+02 2.076829221959890504e+02 5.427555700290373898e-05
2.520892290157127604e+02 2.077596678335911520e+02 1.085511140058074780e-04
2.520895003934977865e+02 2.077842546609134615e+02 1.628266710087112169e-04
2.521408450704225288e+02 2.078397242801704294e+02 5.970311270319412101e-04
2.521844554804743552e+02 2.079267551358245782e+02 2.713777850145187220e-04
2.521845368938098773e+02 2.079944638931856957e+02 3.256533420174224339e-04
2.522295313305652940e+02 2.081358517191782767e+02 9.226844690493635898e-04
2.522186219436077010e+02 2.082612553936334905e+02 1.872506716600179063e-03
2.522172379169041108e+02 2.083492089337566711e+02 1.682542267090016098e-03
2.522649461315096744e+02 2.084473934163749220e+02 1.845368938098727180e-03
2.522260576949171025e+02 2.084970826888111048e+02 1.981057830605986378e-03
2.521780781025265412e+02 2.085751580775597631e+02 2.225297837119053542e-03
2.522026649298488508e+02 2.086593394664712662e+02 2.198160058617601442e-03
2.521640207332627881e+02 2.087231675215066957e+02 2.116746723113246010e-03
2.522432630464870158e+02 2.088250156042226422e+02 2.198160058617601442e-03
2.521940351162853915e+02 2.088728866454991930e+02 3.147982306168417132e-03
2.522317566284023940e+02 2.090106651469510837e+02 4.884800130261337213e-03
2.521437216749436914e+02 2.088916117126651955e+02 4.124942332220684488e-03
2.520328638497652491e+02 2.086254443811229748e+02 1.329751146571141619e-03
2.517935357811609549e+02 2.081198947054194264e+02 1.085511140058074780e-04
2.517742950962034172e+02 2.079721295014790030e+02 2.713777850145187220e-04
2.517484599310700446e+02 2.079210019267822815e+02 2.442400065130668390e-04
2.517929116122554092e+02 2.079075958642025626e+02 0.000000000000000000e+00
2.518138619772585400e+02 2.078176069906917292e+02 0.000000000000000000e+00
2.518524247605091091e+02 2.077957068034410781e+02 0.000000000000000000e+00
2.518393714890499098e+02 2.077298976905750578e+02 3.256533420174224339e-04
2.518279193465222932e+02 2.077309289261581000e+02 3.256533420174224339e-04
2.517320958506336694e+02 2.076344541235854422e+02 3.256533420174224339e-04
2.517617031669787480e+02 2.076405058481912533e+02 4.070666775217780830e-04
2.517508480555781603e+02 2.076691633422888117e+02 4.342044560232299118e-04
2.517971179679231568e+02 2.077276995305164178e+02 4.342044560232299118e-04
2.518607017829520487e+02 2.077919346522293722e+02 3.799288990203262000e-04
2.519201063800917382e+02 2.078910689570951718e+02 3.799288990203262000e-04
2.520235827295177558e+02 2.080593503215826843e+02 6.513066840348448678e-04
2.520575320904230807e+02 2.082013080409237773e+02 6.513066840348448678e-04
2.520971532470352088e+02 2.085124155336644094e+02 3.527911205188743169e-04
2.521382127059079039e+02 2.087274824282884254e+02 4.342044560232299118e-04
2.521772368313929746e+02 2.087940785367309786e+02 4.342044560232299118e-04
2.522160981302070581e+02 2.089380173139026908e+02 8.412711335450080491e-04
2.521846725827023761e+02 2.090555238948139731e+02 8.955466905479117067e-04
2.522111861922982996e+02 2.091831528671062870e+02 2.143884501614697676e-03
2.521988385030801396e+02 2.092692067627343988e+02 2.605226736139379471e-03
2.522453526554316170e+02 2.093463866047925421e+02 2.903742299655350401e-03
2.522527884067410184e+02 2.094187901978343973e+02 3.120844527666965032e-03
2.522650275448451680e+02 2.094478547586094521e+02 3.419360091182935962e-03
2.522696138294119237e+02 2.095133653559119580e+02 3.202257863171320898e-03
2.523140112350403115e+02 2.095732312952861776e+02 4.884800130261337213e-03
2.520922413091264218e+02 2.092785150207604090e+02 1.112648918559526771e-03
2.518929143260332637e+02 2.085943173491818072e+02 1.628266710087112169e-04
2.518294661998968706e+02 2.083898070503948645e+02 2.713777850145186949e-05
2.517974436212651597e+02 2.082021764498358039e+02 2.713777850145186949e-05
2.518010258080273616e+02 2.081784037558685441e+02 5.427555700290373898e-05
2.518440391869521591e+02 2.080094710846969974e+02 1.411164482075497268e-03
2.518621672229911326e+02 2.077675649271350551e+02 2.496675622133571939e-03
2.518350294444896633e+02 2.076827865070965231e+02 2.388124508127764840e-03
2.518872425303264606e+02 2.075253873917881151e+02 2.768053407148090769e-03
2.519253711091210164e+02 2.074987109555211759e+02 2.035333387608890144e-03
2.519061304241634787e+02 2.072718662650275405e+02 2.360986729626312740e-03
2.519077858286520666e+02 2.069408125050883314e+02 0.000000000000000000e+00
2.519388314472577406e+02 2.070103937691660576e+02 0.000000000000000000e+00
2.520132975114657086e+02 2.071071670873022299e+02 0.000000000000000000e+00
2.520775869087356398e+02 2.072162880946565622e+02 2.713777850145186949e-05
2.520916714157779097e+02 2.072747700073271915e+02 2.713777850145186949e-05
2.521552280930283132e+02 2.074114901354175231e+02 2.713777850145186949e-05
2.521611169909631087e+02 2.074589541100165491e+02 2.171022280116149559e-04
2.522177806724741629e+02 2.074967298976905852e+02 4.070666775217780830e-04
2.522142798990474546e+02 2.075995549404325686e+02 1.492577817579852917e-03
2.522480392955032755e+02 2.076800998670248930e+02 1.818231159597275296e-03
2.522515672067084722e+02 2.077524763222882598e+02 1.573991153084208566e-03
2.522448370376401101e+02 2.077620559580992676e+02 1.465440039078401034e-03
2.522556650112621810e+02 2.078241471953105872e+02 1.166924475562430537e-03
2.522421503975684516e+02 2.078141062172650493e+02 1.112648918559526771e-03
2.522368313929821682e+02 2.078538359249911878e+02 1.112648918559526771e-03
2.522686911449428635e+02 2.079175011533555733e+02 1.465440039078401034e-03
2.522836711986756768e+02 2.079627669678960160e+02 1.438302260576949151e-03
2.522956118212163119e+02 2.080300143830226034e+02 1.411164482075497268e-03
2.522900757144020076e+02 2.080696084018562146e+02 1.085511140058074888e-03
2.520997041982143401e+02 2.076639800265950271e+02 4.070666775217780830e-04
2.517877554343401414e+02 2.071770468669434706e+02 8.141333550435560847e-05
2.517649597003989186e+02 2.068600776140465030e+02 8.141333550435560847e-05
2.517171700724578614e+02 2.067660452115389944e+02 0.000000000000000000e+00
2.517200195392005071e+02 2.067469673532524723e+02 0.000000000000000000e+00
2.517200738147575123e+02 2.067412684197671524e+02 8.412711335450080491e-04
2.517374148552199529e+02 2.067387446063665095e+02 4.070666775217780830e-04
2.517324757795326775e+02 2.067262069526988455e+02 5.156177915275855610e-04
2.517522592200602389e+02 2.067534804200928136e+02 2.171022280116149559e-04
2.518122879861054457e+02 2.066780373958587802e+02 2.713777850145187220e-04
2.518383402534668392e+02 2.066742381068685859e+02 3.799288990203262000e-04
2.518935113571602926e+02 2.067129365790116537e+02 1.628266710087112169e-04
2.518996987706586310e+02 2.067245515482102576e+02 1.356888925072593610e-04
2.519186138022741375e+02 2.067349724551548320e+02 8.141333550435560847e-05
2.519715867459089793e+02 2.067967380390241203e+02 1.899644495101631000e-04
2.520491736546446191e+02 2.068758446633558492e+02 2.713777850145187220e-04
2.520315612363971809e+02 2.069648565768406172e+02 7.598577980406523999e-04
2.520911829357648912e+02 2.070309913430486688e+02 1.166924475562430537e-03
2.521349018969307281e+02 2.071195419142989067e+02 1.166924475562430537e-03
2.521618768487611533e+02 2.072242666015359873e+02 1.248337811066785969e-03
2.521917284051127695e+02 2.074054926863686887e+02 1.166924475562430537e-03
2.521694482889630535e+02 2.075685635973839283e+02 1.329751146571141619e-03
2.521712393823441687e+02 2.076222421232597810e+02 2.116746723113246010e-03
2.521960704496729875e+02 2.076666938044451740e+02 2.388124508127764840e-03
2.521845911693668825e+02 2.077078618144318796e+02 2.415262286629216507e-03
2.522147683790605015e+02 2.077782843496431440e+02 2.116746723113246010e-03
2.522086081033406515e+02 2.079233900512903972e+02 2.713777850145187003e-03
2.522163152324350790e+02 2.080208689516676088e+02 1.763955602594371530e-03
2.522530597845260445e+02 2.081160140030937100e+02 2.252435615620505208e-03
2.522683383538223438e+02 2.082083638633341423e+02 1.926782273603082829e-03
2.522560178023827007e+02 2.082044560232299375e+02 2.008195609107438478e-03
2.519138918288148830e+02 2.076155662297484241e+02 8.141333550435560847e-05
2.518266167331542249e+02 2.069578278922087406e+02 5.427555700290373898e-05
2.517613503758582283e+02 2.068447990447502036e+02 5.427555700290373898e-05
2.518040109636625061e+02 2.068443105647371567e+02 1.085511140058074780e-04
2.517895736654997449e+02 2.068348123422616709e+02 1.085511140058074780e-04
2.518037124480989917e+02 2.067947298434150127e+02 2.713777850145186949e-05
2.518738364677467416e+02 2.068275122798447683e+02 2.713777850145186949e-05
2.519559011099351267e+02 2.069246926646584654e+02 1.899644495101631000e-04
2.519878422752313440e+02 2.069375831094466491e+02 4.070666775217780830e-04
2.519772585416157824e+02 2.069315042470623496e+02 2.171022280116149559e-04
2.520301772096936190e+02 2.067514450867051892e+02 0.000000000000000000e+00
2.520704496729897812e+02 2.067908491410892964e+02 1.628266710087112169e-04
2.521236397188526155e+02 2.068854242991668571e+02 3.527911205188743169e-04
2.521877934272300479e+02 2.070382642676870546e+02 3.799288990203262000e-04
2.522527612689625300e+02 2.072279844771906880e+02 5.698933485304893271e-04
2.522380525930147428e+02 2.073585171917826813e+02 1.248337811066785969e-03
2.522768596162718211e+02 2.074099161442644288e+02 1.628266710087112332e-03
2.522483106732882732e+02 2.075823495888626553e+02 1.411164482075497268e-03
2.523248120708838655e+02 2.077540503134413541e+02 4.477733452739558750e-03
2.522907812966430470e+02 2.079309614914922975e+02 3.229395641672772564e-03
2.523424787646883090e+02 2.080405981166381650e+02 4.206355667725040354e-03
2.523450297158674687e+02 2.081058916117126785e+02 4.966213465765692212e-03
2.522633178647995749e+02 2.081907785828651924e+02 4.993351244267143878e-03
2.522047002632364467e+02 2.083605525251702772e+02 4.993351244267143878e-03
2.522274145838421759e+02 2.084462264918993810e+02 4.314906781730847886e-03
2.521684170533800113e+02 2.086359467014030145e+02 3.473635648185839295e-03
2.522279573394121996e+02 2.087490569621970735e+02 2.659502293142283237e-03
2.522325164862004385e+02 2.088902548237401220e+02 3.853564547206165657e-03
2.521866807783114837e+02 2.089990501777524514e+02 4.233493446226492020e-03
2.521637222176992452e+02 2.089963635376807929e+02 4.423457895736655418e-03
2.519825232706450606e+02 2.084605552389481318e+02 2.442400065130668390e-04
2.518001573991153066e+02 2.081189448831718494e+02 6.513066840348448678e-04
2.517717984205812911e+02 2.080371787565469788e+02 6.513066840348448678e-04
2.517991261635322644e+02 2.080095796358110078e+02 8.141333550435561660e-04
2.518916117126651955e+02 2.079927542131401026e+02 5.427555700290374440e-04
2.518892235881570798e+02 2.079554126299221082e+02 1.601128931585660449e-03
2.519173383266845860e+02 2.079901218486254777e+02 1.546853374582756683e-03
2.519644495101630923e+02 2.080356047653939129e+02 1.682542267090016098e-03
2.519728350837200423e+02 2.080711009796738153e+02 1.981057830605986378e-03
2.519797009416809033e+02 2.081052403050286443e+02 2.225297837119053542e-03
2.519809764172704831e+02 2.081390539770414421e+02 1.926782273603082829e-03
2.520104751825015512e+02 2.081594344486960324e+02 2.360986729626312740e-03
2.520401367744036349e+02 2.082292328150017511e+02 1.411164482075497268e-03
2.520791066243317289e+02 2.083189231729490700e+02 1.601128931585660449e-03
2.520801921354717763e+02 2.084678553013650344e+02 1.709680045591467981e-03
2.520985915492957758e+02 2.085716573041330832e+02 9.226844690493635898e-04
2.521611441287416255e+02 2.086811039648294468e+02 1.492577817579852917e-03
2.521726505468262474e+02 2.087844446253629656e+02 2.089608944611793910e-03
2.521933838096013574e+02 2.088949496594208881e+02 3.175120084669868798e-03
2.522145241390539638e+02 2.089547341854595857e+02 3.853564547206165657e-03
2.522614724958614829e+02 2.091000298515563429e+02 4.532009009742462083e-03
2.522593557491383649e+02 2.091856224049499247e+02 3.419360091182935962e-03
2.522487177399657980e+02 2.093208770930011724e+02 2.849466742652446635e-03
2.522591386469103725e+02 2.094902168308502155e+02 5.427555700290374006e-03
2.522515400689299554e+02 2.095753751797877840e+02 5.671795706803440737e-03
2.522518385844934699e+02 2.096326358924258386e+02 5.101902358272951410e-03
2.522490162555293125e+02 2.096738853157480662e+02 3.419360091182935962e-03
2.522693424516268976e+02 2.097715270427962651e+02 6.784444625362967725e-03
2.522758826562457557e+02 2.097820022252978447e+02 7.191511302884746187e-03
2.521235854432956103e+02 2.095716573041330832e+02 6.594480175852804327e-03
2.520261608184754039e+02 2.093312708621672300e+02 4.559146788243914616e-03
2.519674346657982653e+02 2.091998697386631818e+02 4.396320117235202884e-03
2.519932155553746327e+02 2.091771825558359694e+02 5.047626801270048078e-03
2.520221987028141939e+02 2.092220684414773757e+02 5.508969035794729872e-03
2.520378572010095297e+02 2.092518114467149815e+02 2.008195609107438478e-03
2.520597302504816923e+02 2.092790849141089211e+02 1.573991153084208566e-03
2.520957420825531301e+02 2.093223696708187447e+02 1.818231159597275296e-03
2.521404651415235207e+02 2.093968357350267411e+02 2.496675622133571939e-03
2.521168552742272482e+02 2.094226980379386021e+02 2.442400065130668606e-03
2.521067057450676998e+02 2.094196857445249407e+02 2.496675622133571939e-03
2.520179652093679579e+02 2.096761377513636830e+02 5.427555700290373898e-05
2.520521588102797921e+02 2.097103313522754888e+02 1.085511140058074780e-04
2.521291758256669198e+02 2.098285977909848441e+02 1.899644495101631000e-04
2.521653776221878616e+02 2.099030095796358069e+02 5.427555700290374440e-04
2.521764498358164417e+02 2.100867323400906344e+02 1.221200032565334303e-03
2.521889332139271005e+02 2.102781079540828841e+02 8.412711335450080491e-04
2.522347417840375670e+02 2.103731444543949749e+02 1.302613368069689736e-03
2.522509973133599317e+02 2.104487774430785123e+02 1.004097804553719239e-03
2.522710249938940024e+02 2.105446823523026296e+02 3.799288990203262000e-04
2.518221389997014796e+02 2.093721946321474263e+02 0.000000000000000000e+00
2.518253683953431619e+02 2.093603896984992900e+02 0.000000000000000000e+00
2.518581779695514058e+02 2.091485793372954447e+02 5.427555700290374440e-04
2.518494124670954477e+02 2.090008684089120550e+02 0.000000000000000000e+00
2.519420065673423892e+02 2.087944041900730099e+02 1.736817824092919647e-03
2.519104181931667199e+02 2.085577084859833406e+02 1.791093381095823413e-03
2.519049363619094208e+02 2.082348774729300658e+02 1.465440039078401034e-03
2.518614345029715764e+02 2.080592146326901570e+02 1.519715596081304800e-03
2.518525604494016079e+02 2.078743792233167653e+02 1.519715596081304800e-03
2.519037422996553630e+02 2.071371000569893397e+02 1.166924475562430537e-03
2.518042552036690154e+02 2.063356129067274480e+02 1.085511140058074780e-04
2.517645254959429053e+02 2.056916334228880032e+02 1.085511140058074780e-04
2.518129935683464851e+02 2.054926049553583596e+02 1.085511140058074780e-04
2.518469157914733216e+02 2.054296453092349850e+02 1.899644495101631000e-04
2.518327498710955581e+02 2.053515427827078099e+02 1.899644495101631000e-04
2.518455860403267366e+02 2.053238893864148338e+02 2.713777850145187220e-04
2.519035794729843474e+02 2.053309180710467103e+02 2.713777850145187220e-04
2.519076230019810509e+02 2.053193302396265949e+02 2.713777850145187220e-04
2.518900377215121296e+02 2.052943634834052489e+02 2.985155635159706050e-04
2.519230101223913891e+02 2.053157751906428814e+02 4.070666775217780830e-04
2.519842329506906538e+02 2.053520312627208284e+02 4.884800130261336779e-04
2.520572335748595663e+02 2.054224266601536044e+02 7.598577980406523999e-04
2.521303970256994660e+02 2.055581155526608654e+02 1.248337811066785969e-03
2.521456484572173053e+02 2.056490813861977358e+02 1.329751146571141619e-03
2.521677657466959772e+02 2.056767890580477172e+02 9.498222475508154728e-04
2.521469239328068568e+02 2.056765719558196963e+02 1.112648918559526771e-03
2.521611441287416255e+02 2.057201552280930343e+02 1.682542267090016098e-03
2.521326494613150828e+02 2.057914190344378369e+02 2.035333387608890144e-03
2.521929767429238325e+02 2.058576352139813821e+02 2.469537843632120273e-03
2.522178349480311681e+02 2.059742733859806094e+02 2.496675622133571939e-03
2.521800591603571320e+02 2.060634752639149099e+02 2.035333387608890144e-03
2.521700724578685993e+02 2.061897744850606671e+02 1.085511140058074888e-03
2.521620396754321689e+02 2.063691009253982429e+02 8.955466905479117067e-04
2.522199245569757693e+02 2.066134494830253061e+02 1.736817824092919647e-03
2.522521913756139895e+02 2.067344025618062915e+02 1.736817824092919647e-03
2.522237509837444804e+02 2.069898776086189685e+02 3.527911205188743061e-03
2.521495020217645049e+02 2.073745556188770252e+02 6.594480175852804327e-03
2.521944150451843996e+02 2.074789275149936145e+02 7.055822410377486122e-03
2.521188091942793505e+02 2.072275502727346748e+02 3.962115661211972756e-03
2.518952753127628910e+02 2.066345626746994526e+02 3.066568970664061266e-03
2.518192081196233403e+02 2.061821487693017332e+02 2.171022280116149559e-04
2.518061819859426294e+02 2.060992157182013216e+02 2.442400065130668390e-04
2.518593448940269752e+02 2.061600857553800665e+02 3.256533420174224339e-04
2.518897120681700983e+02 2.061985128497381083e+02 5.427555700290373898e-05
2.518919916415642319e+02 2.062096122011452053e+02 4.070666775217780830e-04
2.519270265136096043e+02 2.062473879888192414e+02 4.613422345246817949e-04
2.519480040163912236e+02 2.062637792070341050e+02 5.156177915275855610e-04
2.519816819995115225e+02 2.062325436239789269e+02 1.899644495101631000e-04
2.520099324269315275e+02 2.062690439360633832e+02 1.899644495101631000e-04
2.520674645173546082e+02 2.063118130749816714e+02 2.985155635159706050e-04
2.520692284729572066e+02 2.063826155390919723e+02 3.799288990203262000e-04
2.520332980542212908e+02 2.069015441395967230e+02 0.000000000000000000e+00
2.520640180194849336e+02 2.069163070911015154e+02 0.000000000000000000e+00
2.520938967136150097e+02 2.069813292083910028e+02 2.713777850145186949e-05
2.521699096311975836e+02 2.070847512822600436e+02 5.970311270319412101e-04
2.521268691144942977e+02 2.070948736736410751e+02 7.327200195392005169e-04
2.521102065184944081e+02 2.070976960026052325e+02 6.241689055333929847e-04
2.520900160112893218e+02 2.070874921978886789e+02 6.784444625362967508e-04
2.521298814079079591e+02 2.071475481017124025e+02 2.985155635159706050e-04
2.521715107601291663e+02 2.071623381909956834e+02 3.256533420174224339e-04
2.521610898531846203e+02 2.071752557735623839e+02 3.256533420174224339e-04
2.521620125376536805e+02 2.071908328584221977e+02 4.070666775217780830e-04
2.521568834975169011e+02 2.072017693831583074e+02 4.884800130261336779e-04
2.521409807593150560e+02 2.072071698010800844e+02 3.527911205188743169e-04
2.518661022008738257e+02 2.066646041955005444e+02 0.000000000000000000e+00
2.518982333306195471e+02 2.052384053841352625e+02 0.000000000000000000e+00
2.518129935683464851e+02 2.046289180167711379e+02 0.000000000000000000e+00
2.517402914597411154e+02 2.044179760644793475e+02 0.000000000000000000e+00
2.517160302857608087e+02 2.043940676816195889e+02 0.000000000000000000e+00
2.517544302423403622e+02 2.044435941273847277e+02 0.000000000000000000e+00
2.518248527775516266e+02 2.045320361475209552e+02 8.141333550435560847e-05
2.518615430540855868e+02 2.046085646828950644e+02 2.442400065130668390e-04
2.518692501831800143e+02 2.046375478303345972e+02 3.256533420174224339e-04
2.518926972238052713e+02 2.046403701592987545e+02 7.055822410377486338e-04
2.519016798284892502e+02 2.046442237238459541e+02 7.869955765421042830e-04
2.518941083882873215e+02 2.046290537056636651e+02 9.769600260522673559e-04
2.519307715270427934e+02 2.046664767022171532e+02 1.004097804553719239e-03
2.520097696002605119e+02 2.047524763222882598e+02 1.031235583055171122e-03
2.520823631577518995e+02 2.048796168145675551e+02 8.412711335450080491e-04
2.521484165106244291e+02 2.051929496051453157e+02 7.055822410377486338e-04
2.522197074547477484e+02 2.054580585633260057e+02 8.141333550435560847e-05
2.521980786452820951e+02 2.058491953648674269e+02 5.427555700290373898e-05
2.521866807783114837e+02 2.060832858422209597e+02 1.085511140058074780e-04
2.522236967081874752e+02 2.061639393199272661e+02 2.171022280116149559e-04
2.521952020407609325e+02 2.063987896550788435e+02 4.070666775217780830e-04
2.522495861488778530e+02 2.065355640587261519e+02 2.171022280116149776e-03
2.522061385654970422e+02 2.068616244674211089e+02 1.682542267090016098e-03
2.522054872588129797e+02 2.071549295774647987e+02 3.392222312681483862e-03
2.521509403240250720e+02 2.074742326793128768e+02 5.997449048820863333e-03
2.522162609568780738e+02 2.076219707454747834e+02 6.594480175852804327e-03
2.521954462807674702e+02 2.079279220603001477e+02 4.179217889223587820e-03
2.522184048413796802e+02 2.082158810279790373e+02 3.989253439713425289e-03
2.520601373171592172e+02 2.080330266764362648e+02 4.721973459252625481e-03
2.518087872126787659e+02 2.066610220087383709e+02 7.869955765421042830e-04
2.518295204754538759e+02 2.062103177833862446e+02 4.613422345246817949e-04
2.518375261201118178e+02 2.060183722760454827e+02 4.342044560232299118e-04
2.518328584222095685e+02 2.059904746397459974e+02 2.171022280116149559e-04
2.518415425113300330e+02 2.059995929333224751e+02 3.799288990203262000e-04
2.519004857662351640e+02 2.061023908382859702e+02 4.070666775217780830e-04
2.519525088876224572e+02 2.062230182637249243e+02 9.769600260522673559e-04
2.519494694564303074e+02 2.062410377486498874e+02 5.970311270319412101e-04
2.519488724253032785e+02 2.062607126380634384e+02 7.869955765421042830e-04
2.520178566582539474e+02 2.063542836983364452e+02 1.275475589568237852e-03
2.520302043474721074e+02 2.064773263860620318e+02 1.139786697060978654e-03
2.520654020461884954e+02 2.065431354989280521e+02 1.112648918559526771e-03
2.520884420201362275e+02 2.067783929007571544e+02 7.055822410377486338e-04
2.521630166354582343e+02 2.069444218296290217e+02 6.784444625362967508e-04
2.522428831175880077e+02 2.072608211891774488e+02 9.226844690493635898e-04
2.522468452332492177e+02 2.073996309262123816e+02 2.171022280116149559e-04
2.522518928600504751e+02 2.076534505685364707e+02 2.985155635159706050e-04
2.522498303888843623e+02 2.076932888273765911e+02 3.799288990203262000e-04
2.520861353089636054e+02 2.081484165106244291e+02 0.000000000000000000e+00
2.521521072485006414e+02 2.082834812342261728e+02 2.713777850145186949e-05
2.522420147086759528e+02 2.084090748731308906e+02 1.166924475562430537e-03
2.522997367635485375e+02 2.085901109935140596e+02 1.492577817579852917e-03
2.522738744606366481e+02 2.088442562891801799e+02 2.632364514640831571e-03
2.522413905397704070e+02 2.089713425059024701e+02 4.504871231241010417e-03
2.522603327091644303e+02 2.090690385085077025e+02 4.939075687264240545e-03
2.522771038562783303e+02 2.091690683600640455e+02 5.346142364786019008e-03
2.523059241770468759e+02 2.093193573774050833e+02 5.481831257293278206e-03
2.523366984178675239e+02 2.094533365898667512e+02 4.749111237754077147e-03
2.522826128253141178e+02 2.096360281147385365e+02 5.319004586284566474e-03
2.521805205025916621e+02 2.094374881272219113e+02 4.423457895736655418e-03
2.519614914923064362e+02 2.091754186002333711e+02 1.329751146571141619e-03
2.519264294824825754e+02 2.090342478764688394e+02 7.327200195392005169e-04
2.519020597573882583e+02 2.089981003555049028e+02 5.970311270319412101e-04
2.519663762924367063e+02 2.090814133355043509e+02 1.628266710087112169e-04
2.520208418138891204e+02 2.091565578441748698e+02 2.713777850145187220e-04
2.520980487937257521e+02 2.092444028331840684e+02 3.256533420174224339e-04
2.521543054085592530e+02 2.093188960351705532e+02 4.070666775217780830e-04
2.521942250807348955e+02 2.094185188200493997e+02 4.613422345246817949e-04
2.522306711172623466e+02 2.094709218703357010e+02 9.226844690493635898e-04
2.522930065944801754e+02 2.095793372954489939e+02 1.221200032565334303e-03
2.522712420961220232e+02 2.096637357865885178e+02 2.198160058617601442e-03
2.522225297837119058e+02 2.097642812559363961e+02 2.768053407148090769e-03
2.522525984422915144e+02 2.097900078699557582e+02 2.768053407148090769e-03
2.522584330646693331e+02 2.098305788488154349e+02 2.876604521153898301e-03
2.522395180330538267e+02 2.098116638171999284e+02 2.740915628646639103e-03
2.522523542022850052e+02 2.098329669733235505e+02 2.686640071643735337e-03
2.520008955466905434e+02 2.092769681673858315e+02 3.229395641672772564e-03
2.519603788433878719e+02 2.092322179706369241e+02 2.876604521153898301e-03
2.519424407717984309e+02 2.091333279057776338e+02 2.930880078156802068e-03
2.519674346657982653e+02 2.091119976118754948e+02 3.093706749165513366e-03
2.519688458302803440e+02 2.090899617357323166e+02 3.202257863171320898e-03
2.520048576623517533e+02 2.091499090884420298e+02 3.799288990203261891e-03
2.520436646856088316e+02 2.091930581562593261e+02 3.799288990203261891e-03
2.520639094683709232e+02 2.092163423702135674e+02 3.500773426687291395e-03
2.521319167412955551e+02 2.093485847648511537e+02 2.388124508127764840e-03
2.521205188743249437e+02 2.094216125267985547e+02 2.958017856658254167e-03
2.521473038617058933e+02 2.094677196124725356e+02 2.985155635159705834e-03
2.520450487123124219e+02 2.093368069689815059e+02 2.686640071643735337e-03
2.517443349887378190e+02 2.086174115986865445e+02 2.713777850145186949e-05
2.517264511927053547e+02 2.081450242883117596e+02 3.527911205188743169e-04
2.518284349643138285e+02 2.075018589378273361e+02 3.256533420174224339e-04
2.518835246546717599e+02 2.072818801052945901e+02 4.342044560232299118e-04
2.518772829656164447e+02 2.072270075171646511e+02 5.427555700290373898e-05
2.518704442454340722e+02 2.072072512144155780e+02 5.427555700290373898e-05
2.519032266818638277e+02 2.071504789817905419e+02 5.427555700290373898e-05
2.518791011967760198e+02 2.070001085511140104e+02 6.513066840348448678e-04
2.518366305734212460e+02 2.069273521669516072e+02 6.513066840348448678e-04
2.518717739965806288e+02 2.067712285272327506e+02 5.427555700290374440e-04
2.519102553664957043e+02 2.066711986756764077e+02 1.004097804553719239e-03
2.519814106217264964e+02 2.067561399223859553e+02 1.302613368069689736e-03
2.520924584113544427e+02 2.069233086379549036e+02 2.089608944611793910e-03
2.521505875329045523e+02 2.069818719639610265e+02 2.605226736139379471e-03
2.521751472224483734e+02 2.071991370186436541e+02 2.198160058617601442e-03
2.522315395261744015e+02 2.073171592173464717e+02 2.496675622133571939e-03
2.522279302016336828e+02 2.075621862194360858e+02 2.930880078156802068e-03
2.522888002388124562e+02 2.079593747455833181e+02 3.283671198675676330e-03
2.522635892425846009e+02 2.083374040001085632e+02 4.233493446226492020e-03
2.522191646991777247e+02 2.087592064913566219e+02 2.062471166110342244e-03
2.519803251105864490e+02 2.093872560992157048e+02 0.000000000000000000e+00
2.520303128985861179e+02 2.094389807050394836e+02 0.000000000000000000e+00
2.520691741974002014e+02 2.094759966349154752e+02 1.628266710087112169e-04
2.520810062688268260e+02 2.095240847784200469e+02 1.899644495101631000e-04
2.521336535591196366e+02 2.096096230562566234e+02 7.327200195392005169e-04
2.521073299139732455e+02 2.096041412249993243e+02 1.275475589568237852e-03
2.521515644929306177e+02 2.096540204618849828e+02 2.903742299655350401e-03
2.522138728323699297e+02 2.097739694428614143e+02 3.337946755678580096e-03
2.520682786507096580e+02 2.096098130207061274e+02 1.546853374582756683e-03
2.517766832207115613e+02 2.088873782192189879e+02 0.000000000000000000e+00
2.517867784743141044e+02 2.085598252327064586e+02 0.000000000000000000e+00
2.518164400662161881e+02 2.081414149637710693e+02 0.000000000000000000e+00
2.518260197020271960e+02 2.080404895655241546e+02 4.342044560232299118e-04
2.518675676409129096e+02 2.079371760427691527e+02 0.000000000000000000e+00
2.518269423864962278e+02 2.078431436402616157e+02 1.628266710087112169e-04
2.518791283345545367e+02 2.075692420418464508e+02 5.427555700290374440e-04
2.518996716328801426e+02 2.073609595918478021e+02 5.427555700290374440e-04
2.518522619338380935e+02 2.072662487448777426e+02 4.884800130261336779e-04
2.518789383701050326e+02 2.069358462916225676e+02 2.985155635159706050e-04
2.519651008168471265e+02 2.069979646666124040e+02 5.427555700290373898e-05
2.520265678851529287e+02 2.070626339927813433e+02 5.427555700290373898e-05
2.520770170153871277e+02 2.071440201905072058e+02 1.085511140058074780e-04
2.521746587424353550e+02 2.073057070748188551e+02 3.799288990203262000e-04
2.522610654291839580e+02 2.075605850905045031e+02 4.884800130261336779e-04
2.522463024776791656e+02 2.077160302857608087e+02 8.412711335450080491e-04
2.522229911259464359e+02 2.077968737279166191e+02 1.438302260576949151e-03
2.522715677494640261e+02 2.079101468153816938e+02 2.686640071643735337e-03
2.522836440608971884e+02 2.079231458112838880e+02 2.252435615620505208e-03
2.522860593231837925e+02 2.079830931639936011e+02 2.822328964150994535e-03
2.523246221064343615e+02 2.080449944367554167e+02 2.469537843632120273e-03
2.522862492876333249e+02 2.081107492740644318e+02 2.388124508127764840e-03
2.522984612879589577e+02 2.081902358272951687e+02 2.713777850145187003e-03
2.522579445846562862e+02 2.082658959537572230e+02 2.550951179136475705e-03
2.522314038372818743e+02 2.083518684360498128e+02 2.578088957637927805e-03
2.522168579880051027e+02 2.084784118972021076e+02 2.930880078156802068e-03
2.522504545577899080e+02 2.085551303970256924e+02 1.058373361556623005e-03
2.522440229042850603e+02 2.085930147358137390e+02 1.763955602594371530e-03
2.520125647914461808e+02 2.082157724768650553e+02 8.412711335450080491e-04
2.517551629623598899e+02 2.073848679747075892e+02 2.985155635159706050e-04
2.516828950582105335e+02 2.070420906944557657e+02 2.442400065130668390e-04
2.516637900621455231e+02 2.069638253412575750e+02 2.171022280116149559e-04
2.517250671660017929e+02 2.069823333061955566e+02 4.342044560232299118e-04
2.517684061982686217e+02 2.069048549485738988e+02 1.899644495101631000e-04
2.517671578604575302e+02 2.069213004423457960e+02 3.527911205188743169e-04
2.518286249287633325e+02 2.069262395180330429e+02 1.899644495101631000e-04
2.518597248229259833e+02 2.069359819805150664e+02 1.899644495101631000e-04
2.518870797036554450e+02 2.069395641672772683e+02 2.442400065130668390e-04
2.519211376156747804e+02 2.069705826481044255e+02 1.899644495101631000e-04
2.519558739721566383e+02 2.070423892100192802e+02 4.613422345246817949e-04
2.519820890661890473e+02 2.070931097180384768e+02 4.884800130261336779e-04
2.520706667752177736e+02 2.072145512768324807e+02 1.356888925072593502e-03
2.521356074791717674e+02 2.073770794322776680e+02 1.438302260576949151e-03
2.522185676680506958e+02 2.075846563000352774e+02 1.845368938098727180e-03
2.522056500854839953e+02 2.081110206518494294e+02 1.682542267090016098e-03
2.522962631279003460e+02 2.083923580015739958e+02 1.899644495101630946e-03
2.522087166544546619e+02 2.089045292952318960e+02 1.004097804553719239e-03
2.522337648240115016e+02 2.091548481641292767e+02 2.035333387608890144e-03
2.522099921300442418e+02 2.093346902222584163e+02 3.093706749165513366e-03
2.521964503785720240e+02 2.094813699150587638e+02 3.989253439713425289e-03
2.521913213384352446e+02 2.097214035659040974e+02 3.826426768704713991e-03
2.521030692827485211e+02 2.102484192244022836e+02 0.000000000000000000e+00
2.521273304567287994e+02 2.102622594914380443e+02 0.000000000000000000e+00
2.521772096936144862e+02 2.103121387283237027e+02 8.141333550435560847e-05
2.522585144780048267e+02 2.105544248147846531e+02 4.613422345246817949e-04
2.522604955358354459e+02 2.106072077939699909e+02 5.698933485304893271e-04
2.521291215501099146e+02 2.103805259301473711e+02 9.769600260522673559e-04
2.518422209557925555e+02 2.073144454394963248e+02 0.000000000000000000e+00
2.518634155608021956e+02 2.072409834730928822e+02 0.000000000000000000e+00
2.518185839507177946e+02 2.071424190615756231e+02 0.000000000000000000e+00
2.518358164400662247e+02 2.070915357268854109e+02 0.000000000000000000e+00
2.518496024315449517e+02 2.070886048468072431e+02 0.000000000000000000e+00
2.518350023067111749e+02 2.070210317783386245e+02 0.000000000000000000e+00
2.518826291079812165e+02 2.070725664197128708e+02 4.884800130261336779e-04
2.518594534451409857e+02 2.070148715026188029e+02 2.713777850145187220e-04
2.518285163776493221e+02 2.068036310347634981e+02 2.713777850145187220e-04
2.517806724741512596e+02 2.067852587587180153e+02 1.085511140058074780e-04
2.517782029363076219e+02 2.066596922575917858e+02 1.085511140058074780e-04
2.518390458357078785e+02 2.067060978588292812e+02 2.713777850145186949e-05
2.519078943797660770e+02 2.067818936741838343e+02 1.899644495101631000e-04
2.519645851990555911e+02 2.069099839887106782e+02 4.342044560232299118e-04
2.520146001248337768e+02 2.070012483378110630e+02 5.156177915275855610e-04
2.520153057070748162e+02 2.071832614182202974e+02 8.141333550435560847e-05
2.520519959836087764e+02 2.073940676816195889e+02 1.899644495101631000e-04
2.520662433173220336e+02 2.075720100952536029e+02 2.442400065130668390e-04
2.520905316290808571e+02 2.077137507123666751e+02 1.628266710087112169e-04
2.520886591223642483e+02 2.078386659068088704e+02 4.070666775217780830e-04
2.521668702000054338e+02 2.079414095362153603e+02 4.342044560232299118e-04
2.522054601210344913e+02 2.080773698065076474e+02 1.139786697060978654e-03
2.521782952047545336e+02 2.083666042497761168e+02 1.058373361556623005e-03
2.522058129121550110e+02 2.085916849846671539e+02 1.004097804553719239e-03
2.521676843333604836e+02 2.089095497842546649e+02 1.194062254063882420e-03
2.521761784580314156e+02 2.092074683166435989e+02 1.492577817579852917e-03
2.522028277565198380e+02 2.093784363212027415e+02 7.327200195392005169e-04
2.520304485874786167e+02 2.091652419332953343e+02 7.055822410377486338e-04
2.518272951776167474e+02 2.073394664712746476e+02 0.000000000000000000e+00
2.515960541670058888e+02 2.065980352248365080e+02 0.000000000000000000e+00
2.516046025672338544e+02 2.063825884013134555e+02 0.000000000000000000e+00
2.516299492523542085e+02 2.062633450025780917e+02 0.000000000000000000e+00
2.516425411815788777e+02 2.062388667263697926e+02 0.000000000000000000e+00
2.516741566935330638e+02 2.062126244945588667e+02 0.000000000000000000e+00
2.516973323563732947e+02 2.062314581128388795e+02 0.000000000000000000e+00
2.517507937800211550e+02 2.062681212515943514e+02 5.427555700290373898e-05
2.518041195147765166e+02 2.063213112974571857e+02 5.427555700290373898e-05
2.518282721376428128e+02 2.063913810415479304e+02 5.427555700290373898e-05
2.519243127357594574e+02 2.066784716003147935e+02 0.000000000000000000e+00
2.520725121441558656e+02 2.068401313468479543e+02 0.000000000000000000e+00
2.522072512144155780e+02 2.071946864229694256e+02 8.141333550435560847e-05
2.522827485142066166e+02 2.076704116800998747e+02 6.241689055333929847e-04
2.522173193302396328e+02 2.082709978561154855e+02 1.926782273603082829e-03
2.522631821759070760e+02 2.084088577709028698e+02 4.016391218214876956e-03
2.522366685663111525e+02 2.086762734402561819e+02 4.532009009742462083e-03
2.522356916062851155e+02 2.089014355884827410e+02 3.392222312681483862e-03
2.522768596162718211e+02 2.090120763114331339e+02 3.419360091182935962e-03
2.523079595104344719e+02 2.091974544763765778e+02 4.396320117235202884e-03
2.522939292789492356e+02 2.093670927297891353e+02 4.911937908762788879e-03
2.522997910391055427e+02 2.095094303780292648e+02 3.989253439713425289e-03
2.522858150831772832e+02 2.096565442752856256e+02 3.527911205188743061e-03
2.523349616000434139e+02 2.097232217970637009e+02 4.830524573258433013e-03
2.522899943010665140e+02 2.099168769844500559e+02 4.884800130261337213e-03
2.522257320415750712e+02 2.101454042172107677e+02 5.373280143287470674e-03
2.520477082146055636e+02 2.104716003147982235e+02 0.000000000000000000e+00
2.520487123124101174e+02 2.104691307769545858e+02 0.000000000000000000e+00
2.520262422318108975e+02 2.103429943824798443e+02 0.000000000000000000e+00
2.519006214551276912e+02 2.073830497435479856e+02 0.000000000000000000e+00
2.517403185975196038e+02 2.066086189584520696e+02 0.000000000000000000e+00
2.517098157344839819e+02 2.062867649054248318e+02 0.000000000000000000e+00
2.517022985698390869e+02 2.061469239328068568e+02 0.000000000000000000e+00
2.517485684821840550e+02 2.061302884745854840e+02 0.000000000000000000e+00
2.517645797714999105e+02 2.060318868897392122e+02 0.000000000000000000e+00
2.518143504572715585e+02 2.060677630329181227e+02 8.141333550435560847e-05
2.518415153735515162e+02 2.060925398246899647e+02 1.356888925072593610e-04
2.518976091617140298e+02 2.061487421639664603e+02 8.141333550435560847e-05
2.518776357567369644e+02 2.060966376292436735e+02 1.356888925072593610e-04
2.518271594887242486e+02 2.060070829601888818e+02 2.713777850145186949e-05
2.518614887785285816e+02 2.060304485874786167e+02 1.899644495101631000e-04
2.519511519986973838e+02 2.061137344296995764e+02 2.985155635159706050e-04
2.519931070042606223e+02 2.062001139786697195e+02 3.799288990203262000e-04
2.519673532524627433e+02 2.062010095253602628e+02 1.356888925072593610e-04
2.519911259464300315e+02 2.062314038372818743e+02 1.356888925072593610e-04
2.520470026323645243e+02 2.063549621427989962e+02 7.327200195392005169e-04
2.520891204645987784e+02 2.063877445792287517e+02 9.226844690493635898e-04
2.521037748649895605e+02 2.064387636028114628e+02 7.598577980406523999e-04
2.521067057450676998e+02 2.064091291486878958e+02 1.031235583055171122e-03
2.520971803848136972e+02 2.064618035767591948e+02 3.256533420174224339e-04
2.521509403240250720e+02 2.065338001031235535e+02 4.884800130261336779e-04
2.521439116393931954e+02 2.066025400960677416e+02 5.970311270319412101e-04
2.521592444842465284e+02 2.067288664549919872e+02 1.221200032565334303e-03
2.522051344676924884e+02 2.068783956145349805e+02 1.275475589568237852e-03
2.521934923607153394e+02 2.070548997259084274e+02 8.141333550435561660e-04
2.522406035441938741e+02 2.071765041113734469e+02 8.412711335450080491e-04
2.522129230101223811e+02 2.074507042253521263e+02 6.513066840348448678e-04
2.522248907704415330e+02 2.075523352058400519e+02 7.598577980406523999e-04
2.519754403104561788e+02 2.071792178892235938e+02 3.527911205188743169e-04
2.517474829710439792e+02 2.054275828380688722e+02 0.000000000000000000e+00
2.517696002605226795e+02 2.050865423756411303e+02 0.000000000000000000e+00
2.517655567315259475e+02 2.049387771717007354e+02 0.000000000000000000e+00
2.517869955765420968e+02 2.049480582919482288e+02 0.000000000000000000e+00
2.518033053814214668e+02 2.049398355450622944e+02 2.713777850145186949e-05
2.517759233629135167e+02 2.048740264321962741e+02 2.713777850145186949e-05
2.517640098781513700e+02 2.048739992944177573e+02 5.427555700290373898e-05
2.517341311840212654e+02 2.048178512306982668e+02 8.141333550435560847e-05
2.517418925886726981e+02 2.047184726858259296e+02 4.884800130261336779e-04
2.517990447501967424e+02 2.046907378761974599e+02 6.513066840348448678e-04
2.517602648647181809e+02 2.046220250210317886e+02 1.221200032565334303e-03
2.517744036473174276e+02 2.046897880539499113e+02 1.112648918559526771e-03
2.518265081820402145e+02 2.047853673098320257e+02 1.438302260576949151e-03
2.519043664685608803e+02 2.048656137208608072e+02 1.546853374582756683e-03
2.519849113951532047e+02 2.049973676354853467e+02 1.248337811066785969e-03
2.520568536459605298e+02 2.051287144834323897e+02 1.601128931585660449e-03
2.521404108659665155e+02 2.053724117343754187e+02 7.598577980406523999e-04
2.521776710358490163e+02 2.054318163315151082e+02 8.412711335450080491e-04
2.522274959971776696e+02 2.055942630736248020e+02 1.926782273603082829e-03
2.522690710738419000e+02 2.056962739830117641e+02 2.089608944611793910e-03
2.522742815273141730e+02 2.058046622703465403e+02 2.198160058617601442e-03
2.522944720345192593e+02 2.059291161225542055e+02 1.736817824092919647e-03
2.522758826562457557e+02 2.061347662080382008e+02 2.035333387608890144e-03
2.523311894488317080e+02 2.062776466118483540e+02 3.446497869684387629e-03
2.522280387527476933e+02 2.065500556324459183e+02 4.152080110722136154e-03
2.522700751716464538e+02 2.067132350945751682e+02 3.853564547206165657e-03
2.522842139542457005e+02 2.067969822790306296e+02 4.287769003229395352e-03
2.519681402480393047e+02 2.065073679068631520e+02 2.171022280116149559e-04
2.517764389807050520e+02 2.054392792206029981e+02 0.000000000000000000e+00
2.516887296805883523e+02 2.042337105484544963e+02 4.613422345246817949e-04
2.515879128334554480e+02 2.038142961817145533e+02 0.000000000000000000e+00
2.515963798203479200e+02 2.034722516214822576e+02 0.000000000000000000e+00
2.516199625498656758e+02 2.034084507042253449e+02 0.000000000000000000e+00
2.516078862384325134e+02 2.032939021411707188e+02 0.000000000000000000e+00
2.515987136692990305e+02 2.032229639881679191e+02 0.000000000000000000e+00
2.518012700480338708e+02 2.036350511547124711e+02 4.884800130261336779e-04
2.518060191592716137e+02 2.037458275665553913e+02 8.955466905479117067e-04
2.518431436402616157e+02 2.037387717441450263e+02 1.492577817579852917e-03
2.518571467339683636e+02 2.037081874677738824e+02 1.384026703574045385e-03
2.519386957583652134e+02 2.037912290699883329e+02 2.713777850145186949e-05
2.519989687644169578e+02 2.039271079269450979e+02 3.527911205188743169e-04
2.520854568645010829e+02 2.045955114114358651e+02 1.004097804553719239e-03
2.521956633829954626e+02 2.051105864473934162e+02 4.721973459252625481e-03
2.522245108415425250e+02 2.054434313007137121e+02 1.194062254063882420e-03
2.523142826128253091e+02 2.055671795706803380e+02 1.384026703574045385e-03
2.523387337512551198e+02 2.058350023067111749e+02 1.031235583055171122e-03
2.522311867350538819e+02 2.060662704551005504e+02 7.598577980406523999e-04
2.522364514640831601e+02 2.060945480202990723e+02 1.329751146571141619e-03
2.522113218811907984e+02 2.061501261906700222e+02 9.769600260522673559e-04
2.521768840402724550e+02 2.062032076854188745e+02 2.550951179136475705e-03
2.522252706993405411e+02 2.062386767619202601e+02 2.089608944611793910e-03
2.522037233032104098e+02 2.063488832804146682e+02 4.749111237754077147e-03
2.522031534098618692e+02 2.064369996472088928e+02 1.058373361556623005e-03
2.522224212325978954e+02 2.064751553637819086e+02 2.388124508127764840e-03
2.521438302260577018e+02 2.063782463567532375e+02 2.333848951124861074e-03
2.517257727482428322e+02 2.051156069364161851e+02 8.141333550435560847e-05
2.516794756981193473e+02 2.035349941653776114e+02 0.000000000000000000e+00
2.516758935113571738e+02 2.031524057640641558e+02 0.000000000000000000e+00
2.516825965426470191e+02 2.030823631577518995e+02 2.713777850145186949e-05
2.516966267741322554e+02 2.031253765366766970e+02 1.085511140058074780e-04
2.517391245352655460e+02 2.031210887676734842e+02 2.713777850145186949e-05
2.518065347770631490e+02 2.045656869928627657e+02 0.000000000000000000e+00
2.518088686260142879e+02 2.046219707454747834e+02 8.141333550435560847e-05
2.518519905560530674e+02 2.047297620016825306e+02 4.342044560232299118e-04
2.518641482808217233e+02 2.047419197264511865e+02 5.156177915275855610e-04
2.518636869385871933e+02 2.047114711389725699e+02 1.356888925072593502e-03
2.518807023257076310e+02 2.047539417623273437e+02 2.143884501614697676e-03
2.519056690819289486e+02 2.048698200765285264e+02 2.279573394121957308e-03
2.519880051019023597e+02 2.050720236641428471e+02 2.415262286629216507e-03
2.520758229531330699e+02 2.052319737306304148e+02 3.989253439713425289e-03
2.521461369372303238e+02 2.055928519091427233e+02 1.302613368069689736e-03
2.521880376672365571e+02 2.057684333360471101e+02 3.066568970664061266e-03
2.522281201660832153e+02 2.060347363564818579e+02 1.791093381095823413e-03
2.522336019973404859e+02 2.062857336698417896e+02 1.981057830605986378e-03
2.522683383538223438e+02 2.064069038508507674e+02 2.442400065130668606e-03
2.521969117208065256e+02 2.066316317946212848e+02 1.248337811066785969e-03
2.522338733751255120e+02 2.067736980650763883e+02 1.384026703574045385e-03
2.522558007001546798e+02 2.070056989334852915e+02 2.930880078156802068e-03
2.522364786018616485e+02 2.072318651795164044e+02 3.283671198675676330e-03
2.522070612499660740e+02 2.075078563868761705e+02 3.609324540693098927e-03
2.521711308312301583e+02 2.078464273114602747e+02 5.047626801270048078e-03
2.521817417026242367e+02 2.079402968872967961e+02 5.970311270319411667e-03
2.521857580938424519e+02 2.079399712339547932e+02 6.404515726342641796e-03
2.519542185676680504e+02 2.071446443594127516e+02 8.412711335450080491e-04
2.516965996363537670e+02 2.062216070992428456e+02 0.000000000000000000e+00
2.517284865260929791e+02 2.058007272924638471e+02 0.000000000000000000e+00
2.517088387744579165e+02 2.056895709517218904e+02 0.000000000000000000e+00
2.519357648782870740e+02 2.053944747482971138e+02 0.000000000000000000e+00
2.519495508697658011e+02 2.054144481532741793e+02 0.000000000000000000e+00
2.519594561589188402e+02 2.054242448913132080e+02 2.713777850145186949e-05
2.520482238323970705e+02 2.055446009389671360e+02 2.713777850145186949e-05
2.520923227224619438e+02 2.056088903362370672e+02 5.427555700290373898e-05
2.521212787321229882e+02 2.056378463458981116e+02 2.171022280116149559e-04
2.521443187060707203e+02 2.057025699476240845e+02 2.442400065130668390e-04
2.521778338625200035e+02 2.058160329995386633e+02 1.384026703574045385e-03
2.522162338190995570e+02 2.058998615973296467e+02 1.194062254063882420e-03
2.521835056582268066e+02 2.061552280930283132e+02 1.872506716600179063e-03
2.522381611441287532e+02 2.063827512279844711e+02 1.763955602594371530e-03
2.523238622486363170e+02 2.066576840619826783e+02 3.012293413661157500e-03
2.522198431436402757e+02 2.070762571575890831e+02 5.156177915275855610e-04
2.522358544329561312e+02 2.072366142907541473e+02 3.256533420174224339e-04
2.522281201660832153e+02 2.075002306711172650e+02 3.527911205188743169e-04
2.522727618117180839e+02 2.076979293875003520e+02 7.869955765421042830e-04
2.522687454204998687e+02 2.078496567071019570e+02 6.784444625362967508e-04
2.523007951369100965e+02 2.079166598822220351e+02 4.884800130261336779e-04
2.522605498113924511e+02 2.081940079785068747e+02 1.058373361556623005e-03
2.522517571711579762e+02 2.084905696219707352e+02 1.221200032565334303e-03
2.523370512089880435e+02 2.086264213411490118e+02 1.438302260576949151e-03
2.522426388775814701e+02 2.089644223723846039e+02 8.955466905479117067e-04
2.522008466986892472e+02 2.092723276072620706e+02 3.582186762191646827e-03
2.521761784580314156e+02 2.094540964476647957e+02 4.342044560232299552e-03
2.521763955602594365e+02 2.094821840484137851e+02 5.156177915275855610e-03
2.519037151618768462e+02 2.089633368612445281e+02 3.120844527666965032e-03
2.517781757985291335e+02 2.081544953730087570e+02 0.000000000000000000e+00
2.517635213981383515e+02 2.079375016961111555e+02 0.000000000000000000e+00
2.517769817362750757e+02 2.078895763792775995e+02 0.000000000000000000e+00
2.518357621645092195e+02 2.079500936253358248e+02 0.000000000000000000e+00
2.518777171700724580e+02 2.079816277239545173e+02 0.000000000000000000e+00
2.518969578550299957e+02 2.080002171022280208e+02 8.141333550435560847e-05
2.519783169149773414e+02 2.080866237889766239e+02 8.141333550435560847e-05
2.520323753697522307e+02 2.081496919862140089e+02 8.141333550435560847e-05
2.520686043040516608e+02 2.082039946809954074e+02 8.141333550435560847e-05
2.521262178078102636e+02 2.082671985671252912e+02 1.899644495101631000e-04
2.521273575945073162e+02 2.083985996906293110e+02 2.713777850145187220e-04
2.521401666259600063e+02 2.086697875111943290e+02 7.055822410377486338e-04
2.522079025210996122e+02 2.089309343537138091e+02 1.302613368069689736e-03
2.523089364704605373e+02 2.091956905207739794e+02 1.194062254063882420e-03
2.522674970826888057e+02 2.095081006268826798e+02 3.527911205188743169e-04
2.522451898287606298e+02 2.097324486417541891e+02 5.970311270319412101e-04
2.522315666639528899e+02 2.099183424244891398e+02 1.112648918559526771e-03
2.522564791446172308e+02 2.100299329696871098e+02 8.684089120464598237e-04
2.522394366197183047e+02 2.102062471166110242e+02 9.498222475508154728e-04
2.522583787891123279e+02 2.104224537979320928e+02 2.062471166110342244e-03
2.522219598903633653e+02 2.107472387310374700e+02 1.519715596081304800e-03
2.520473554234850440e+02 2.104306494070395388e+02 5.427555700290373898e-05
2.520515075035957580e+02 2.104330646693261713e+02 1.085511140058074780e-04
2.520527558414068210e+02 2.104538522076582865e+02 1.356888925072593610e-04
2.520959863225596393e+02 2.105509240413579732e+02 2.985155635159706050e-04
2.521662731688784049e+02 2.106186056609406023e+02 3.527911205188743169e-04
2.522344975440310577e+02 2.107241716193112495e+02 1.085511140058074780e-04
2.520889847757062512e+02 2.104538250698797697e+02 5.427555700290373898e-05
2.518190995685093299e+02 2.098373361556622854e+02 0.000000000000000000e+00
2.518149203506200990e+02 2.087710928383402518e+02 0.000000000000000000e+00
2.517944584656300151e+02 2.084881543596841027e+02 0.000000000000000000e+00
2.517459903932264069e+02 2.083137669950337738e+02 4.613422345246817949e-04
2.517789356563271781e+02 2.082862492876333249e+02 4.342044560232299118e-04
2.518331297999945662e+02 2.083331705066623272e+02 5.970311270319412101e-04
2.520399468099541309e+02 2.082845124698092150e+02 0.000000000000000000e+00
2.520763114331460883e+02 2.083495345870987023e+02 2.713777850145186949e-05
2.521261635322532584e+02 2.083902683926293662e+02 1.085511140058074780e-04
2.521148470786181406e+02 2.084274742869548618e+02 3.256533420174224339e-04
2.521093923851393583e+02 2.084313007137235729e+02 4.884800130261336779e-04
2.521096637629243560e+02 2.084527666965182107e+02 5.156177915275855610e-04
2.521389997014844369e+02 2.084868788840945513e+02 5.156177915275855610e-04
2.521670873022334263e+02 2.086732068712855153e+02 1.112648918559526771e-03
2.521818231159597303e+02 2.089275421314011112e+02 1.248337811066785969e-03
2.521976987163830870e+02 2.091958262096664782e+02 1.058373361556623005e-03
2.522892073054899811e+02 2.093321664088577734e+02 1.953920052104534712e-03
2.522959103367798264e+02 2.095547776059051728e+02 2.632364514640831571e-03
2.522587858557898528e+02 2.095869087356508942e+02 2.903742299655350401e-03
2.522942820700697553e+02 2.096913349073244888e+02 2.849466742652446635e-03
2.522798447719069657e+02 2.098563054628348254e+02 3.120844527666965032e-03
2.522618524247605194e+02 2.098962794105674448e+02 3.120844527666965032e-03
2.522915682922196083e+02 2.100287931829900288e+02 3.256533420174224664e-03
2.522760183451382545e+02 2.101648348666178094e+02 3.093706749165513366e-03
2.522563977312817087e+02 2.103369697956525215e+02 2.415262286629216507e-03
2.522469266465847113e+02 2.104071752286357935e+02 2.740915628646639103e-03
2.522403050286303596e+02 2.104713289370132259e+02 2.876604521153898301e-03
2.521506418084615575e+02 2.103772151211701669e+02 2.686640071643735337e-03
2.517951640478710544e+02 2.074061168552742345e+02 0.000000000000000000e+00
2.516669380444516833e+02 2.067325300550896827e+02 0.000000000000000000e+00
2.516320117235203213e+02 2.063454639203234819e+02 0.000000000000000000e+00
2.516304648701457438e+02 2.062890444788189654e+02 0.000000000000000000e+00
2.517073461966403443e+02 2.062338733751255120e+02 0.000000000000000000e+00
2.517181741702624151e+02 2.060935439224945185e+02 2.713777850145186949e-05
2.517284865260929791e+02 2.060508833346902122e+02 5.427555700290373898e-05
2.517886509810306848e+02 2.059579907188797563e+02 5.698933485304893271e-04
2.518109039594018839e+02 2.059556568699286174e+02 8.412711335450080491e-04
2.518480284403918574e+02 2.058696301120790224e+02 5.970311270319412101e-04
2.518837960324567860e+02 2.058522890716166103e+02 4.613422345246817949e-04
2.519037965752123398e+02 2.058754918722353295e+02 8.684089120464598237e-04
2.519643138212705935e+02 2.059412738473228615e+02 6.241689055333929847e-04
2.519755759993487061e+02 2.059863225596352549e+02 7.327200195392005169e-04
2.520570978859670674e+02 2.061045618605660934e+02 5.970311270319412101e-04
2.520608700371787450e+02 2.062280658905262101e+02 7.055822410377486338e-04
2.520965562159081799e+02 2.063044587370077920e+02 9.226844690493635898e-04
2.521201932209829408e+02 2.064190073000624182e+02 5.427555700290374440e-04
2.521464083150153215e+02 2.064770007327200290e+02 4.613422345246817949e-04
2.522309424950473442e+02 2.065686992862764271e+02 8.684089120464598237e-04
2.522308339439333622e+02 2.067338598062362678e+02 1.112648918559526771e-03
2.522349317484870710e+02 2.068805394990366153e+02 1.573991153084208566e-03
2.522665472604412571e+02 2.070000814133354936e+02 2.469537843632120273e-03
2.522924095633531465e+02 2.073602811473852796e+02 6.241689055333929847e-04
2.522367228418681577e+02 2.075474504057097818e+02 1.166924475562430537e-03
2.522526255800700028e+02 2.076104914651686499e+02 1.384026703574045385e-03
2.522475779532687454e+02 2.077659095226464672e+02 1.845368938098727180e-03
2.521695568400770640e+02 2.076880512361258013e+02 1.085511140058074888e-03
2.518816521479551795e+02 2.067898993188417478e+02 0.000000000000000000e+00
