2.536222912353346999e+02 2.017084541062801861e+02 5.121808143547273984e-01
2.518603519668737079e+02 2.047090752242926044e+02 4.109385783298826755e-01
2.518051414768806069e+02 2.047422015182884820e+02 4.109385783298826755e-01
2.530077639751552852e+02 2.066140441683919846e+02 7.447550034506555949e-01
2.529860248447205038e+02 2.072679779158040105e+02 3.667356797791580525e-01
2.530011042097998484e+02 2.073291925465838403e+02 3.361973775017253474e-01
2.526210144927536305e+02 2.081793650793650841e+02 1.322981366459627384e-01
2.525371635610765964e+02 2.086871980676328633e+02 7.560386473429951681e-02
2.523723947550034552e+02 2.093244306418219480e+02 6.390614216701173689e-02
2.522796066252587934e+02 2.097045548654244271e+02 3.412698412698412370e-02
2.522542097998619681e+02 2.098691511387163473e+02 3.343685300207039496e-02
2.522355417529330452e+02 2.099876466528640435e+02 2.971014492753623268e-02
2.522456176673568109e+02 2.100896480331262808e+02 2.657004830917874399e-02
2.523082125603864654e+02 2.102029675638371202e+02 2.374051069703243463e-02
2.523306073153899263e+02 2.103337129054520460e+02 2.625948930296756467e-02
2.523886818495514035e+02 2.104543823326432062e+02 2.715665976535541759e-02
2.524315044858523152e+02 2.105520703933747484e+02 3.091787439613526492e-02
2.524321256038647334e+02 2.106455141476880613e+02 2.349896480331262888e-02
2.524393029675638331e+02 2.106702898550724683e+02 2.387853692201518177e-02
2.521260869565217320e+02 2.101036922015182995e+02 7.246376811594202987e-03
2.519932367149758363e+02 2.092664596273291977e+02 5.762594893029675605e-03
2.518358523119392771e+02 2.086040372670807415e+02 2.449965493443754302e-03
2.518505866114561798e+02 2.084638026224982639e+02 1.725327812284334003e-03
2.519052449965493565e+02 2.085595238095237960e+02 1.759834368530020787e-03
2.519950655624568583e+02 2.086591442374051155e+02 2.104899930986887328e-03
2.520112491373360797e+02 2.088384748102139383e+02 2.518978605935127870e-03
2.520775707384403006e+02 2.089583505866114592e+02 3.830227743271221331e-03
2.520763630089716969e+02 2.089703933747412066e+02 3.588681849551414709e-03
2.520300897170462520e+02 2.089057625948930195e+02 2.829537612146307626e-03
2.519811249137336233e+02 2.088656314699792915e+02 3.174603174603174600e-03
2.520512077294685866e+02 2.088167011732229241e+02 3.623188405797101493e-03
2.520717736369910256e+02 2.088547964113181479e+02 3.347135955831608087e-03
2.521149758454106404e+02 2.089174948240165577e+02 4.692891649413388766e-03
2.521612146307798525e+02 2.090303312629399670e+02 4.554865424430641629e-03
2.521978260869565247e+02 2.091332643202208317e+02 4.106280193236715170e-03
2.521744996549344364e+02 2.092286404416839218e+02 4.830917874396135035e-03
2.521565907522429200e+02 2.092827467218771460e+02 4.382332643202208576e-03
2.521525189786059400e+02 2.092944789510006842e+02 2.380952380952381167e-03
2.521453761214630731e+02 2.093397860593512689e+02 3.450655624568668006e-03
2.521418219461697845e+02 2.093723602484471940e+02 3.519668737060041575e-03
2.521046583850931597e+02 2.094173913043478308e+02 3.657694962042788277e-03
2.521326777087646747e+02 2.094454106280193173e+02 4.347826086956521792e-03
2.521554175293305775e+02 2.095240510697032335e+02 4.382332643202208576e-03
2.521730848861283505e+02 2.095477915804002862e+02 4.071773636991028386e-03
2.520203243616286954e+02 2.091561766735679839e+02 3.036576949620427898e-03
2.516890269151138853e+02 2.078159420289855177e+02 1.035196687370600407e-04
2.516500690131124998e+02 2.075072118702553610e+02 0.000000000000000000e+00
2.517421325051759879e+02 2.072776742581090446e+02 0.000000000000000000e+00
2.518190821256038703e+02 2.072578674948240121e+02 0.000000000000000000e+00
2.519063837129054662e+02 2.072114561766735790e+02 3.450655624568668250e-05
2.519031746031745911e+02 2.071961007591442296e+02 1.207729468599033759e-03
2.518933402346445689e+02 2.071131124913733572e+02 6.556245686680469472e-04
2.518828502415458956e+02 2.069567287784679195e+02 9.661835748792270287e-04
2.519265010351966794e+02 2.067849551414768712e+02 1.138716356107660407e-03
2.518852311939268418e+02 2.067313664596273384e+02 1.173222912353347192e-03
2.519232919254658327e+02 2.067539682539682531e+02 1.656314699792960652e-03
2.519822981366459658e+02 2.068274672187715737e+02 1.449275362318840597e-03
2.520415458937198139e+02 2.068804002760524554e+02 1.552795031055900516e-03
2.520679089026914994e+02 2.069527260179434052e+02 1.759834368530020787e-03
2.521033816425120904e+02 2.070590062111801331e+02 1.690821256038647436e-03
2.520432712215320805e+02 2.074992408557625936e+02 6.211180124223602715e-04
2.520861283643892250e+02 2.075404416839199371e+02 5.866114561766735958e-04
2.521195307108350505e+02 2.075738440303657626e+02 6.556245686680469472e-04
2.521664596273292034e+02 2.076207729468599155e+02 7.936507936507936501e-04
2.521978260869565247e+02 2.077090752242926044e+02 1.380262249827467246e-03
2.522428571428571331e+02 2.078159420289855177e+02 1.311249137336093894e-03
2.522538992408557590e+02 2.078300207039337408e+02 1.345755693581780462e-03
2.522395790200137924e+02 2.079106280193236671e+02 3.036576949620427898e-03
2.522404761904761870e+02 2.079132160110420955e+02 3.209109730848861385e-03
2.520165976535541859e+02 2.074133540372670836e+02 1.449275362318840597e-03
2.515621808143547184e+02 2.057054865424430545e+02 1.380262249827467300e-04
2.515084195997239362e+02 2.055847135955831675e+02 0.000000000000000000e+00
2.515211870255348572e+02 2.055624223602484335e+02 0.000000000000000000e+00
2.515502415458937264e+02 2.055831953071083547e+02 0.000000000000000000e+00
2.515986887508626637e+02 2.056382677708764675e+02 0.000000000000000000e+00
2.516721877156659843e+02 2.056894064872325600e+02 3.450655624568668250e-05
2.517026570048309111e+02 2.057416839199447907e+02 3.450655624568668250e-05
2.517397170462387805e+02 2.057948930296756487e+02 2.070393374741200815e-04
2.516767770876466557e+02 2.057332643202208544e+02 1.725327812284334057e-04
2.517511732229123425e+02 2.057396135265700536e+02 1.380262249827467300e-04
2.517404416839199541e+02 2.057200483091787362e+02 6.211180124223602715e-04
2.517674603174603192e+02 2.057697032436162772e+02 9.316770186335403530e-04
2.518228088336784083e+02 2.058118012422360152e+02 9.661835748792270287e-04
2.518745341614906863e+02 2.059237750172532913e+02 1.414768806073153813e-03
2.519396135265700423e+02 2.060472739820565948e+02 2.415458937198067518e-03
2.519603864734299634e+02 2.061472739820565891e+02 2.933057280883367979e-03
2.519944789510007013e+02 2.061814009661835883e+02 2.622498274672187789e-03
2.520318495514147799e+02 2.062163216011041982e+02 2.726017943409247708e-03
2.520426155969634294e+02 2.062746031746031861e+02 2.760524499654934492e-03
2.521024499654934345e+02 2.063654589371980705e+02 3.243616287094548169e-03
2.521899585921325126e+02 2.064673222912353481e+02 3.209109730848861385e-03
2.521797101449275260e+02 2.065556935817805311e+02 2.967563837129054329e-03
2.521908902691511400e+02 2.065737060041407744e+02 1.725327812284334003e-03
2.521906487232574250e+02 2.066104554865424348e+02 1.621808143547274084e-03
2.520015873015873069e+02 2.063515182884748072e+02 7.936507936507936501e-04
2.516796066252587991e+02 2.049249137336093725e+02 0.000000000000000000e+00
2.516467218771566650e+02 2.046298481711525312e+02 0.000000000000000000e+00
2.516342650103519532e+02 2.045497584541062679e+02 0.000000000000000000e+00
2.516666666666666572e+02 2.045574534161490590e+02 0.000000000000000000e+00
2.516789855072463808e+02 2.045853002070393245e+02 0.000000000000000000e+00
2.518824016563146984e+02 2.061390959282263680e+02 0.000000000000000000e+00
2.519479296066252516e+02 2.062133195307108338e+02 3.450655624568668250e-05
2.519613181504485908e+02 2.062529330572808703e+02 6.901311249137336500e-05
2.519358523119392714e+02 2.062396135265700536e+02 6.901311249137336500e-05
2.519384057971014386e+02 2.062360938578329979e+02 1.000690131124913704e-03
2.519486542443064252e+02 2.062908902691511344e+02 2.208419599723947680e-03
2.519937543133195277e+02 2.064106625258799284e+02 3.105590062111801032e-03
2.520123533471359565e+02 2.064666321601104073e+02 3.347135955831608087e-03
2.520942374051069805e+02 2.066033126293995963e+02 2.415458937198067518e-03
2.521599378881987548e+02 2.067496204278812968e+02 3.416149068322981222e-03
2.521879572118702413e+02 2.068945134575569398e+02 1.311249137336093894e-03
2.522339544513457668e+02 2.069545203588681943e+02 2.553485162180814221e-03
2.521491028295376111e+02 2.070664941338854419e+02 3.519668737060041575e-03
2.522067287784679195e+02 2.071522429261559637e+02 3.347135955831608087e-03
2.522274327122153181e+02 2.072842650103519588e+02 4.244306418219461439e-03
2.522840924775707379e+02 2.073558316080055306e+02 4.416839199447895360e-03
2.522996204278813082e+02 2.074802622498274616e+02 3.968253968253968034e-03
2.523606625258799170e+02 2.075733264320220712e+02 4.278812974465148224e-03
2.522967908902691647e+02 2.077258799171842725e+02 5.037957211870255740e-03
2.523121463077984856e+02 2.078268115942028942e+02 4.520358868184954845e-03
2.520317460317460245e+02 2.074792270531401073e+02 0.000000000000000000e+00
2.518109040717736491e+02 2.070028985507246375e+02 0.000000000000000000e+00
2.516544858523119501e+02 2.066752587991718428e+02 0.000000000000000000e+00
2.515949275362318929e+02 2.065715320910973105e+02 0.000000000000000000e+00
2.516018978605935104e+02 2.065829537612146396e+02 0.000000000000000000e+00
2.516249482401656223e+02 2.066043478260869506e+02 0.000000000000000000e+00
2.516878536922015144e+02 2.066642167011732170e+02 0.000000000000000000e+00
2.518275362318840678e+02 2.068016908212560452e+02 1.035196687370600407e-04
2.519016908212560395e+02 2.068758454106280169e+02 3.450655624568668115e-04
2.519131124913733686e+02 2.068890614216701067e+02 4.830917874396135144e-04
2.519052449965493565e+02 2.068842305037957203e+02 3.450655624568668115e-04
2.519452035886818635e+02 2.069230848861283505e+02 2.070393374741200815e-04
2.520270876466528591e+02 2.070046928916494267e+02 4.830917874396135144e-04
2.520867494824016433e+02 2.071323671497584655e+02 4.485852311939268386e-04
2.521668737060041394e+02 2.072868530020703872e+02 6.901311249137336229e-04
2.522963423050379674e+02 2.074241545893719945e+02 1.069703243616287056e-03
2.523290545203588806e+02 2.077552104899930896e+02 2.691511387163560923e-03
2.523324706694271811e+02 2.078817460317460188e+02 4.416839199447895360e-03
2.522563837129054605e+02 2.081501725327812267e+02 3.416149068322981222e-03
2.522702208419599685e+02 2.082379572118702526e+02 2.518978605935127870e-03
2.523189786059351150e+02 2.083517598343685222e+02 2.553485162180814221e-03
2.524200828157349861e+02 2.085616287094547943e+02 2.277432712215320815e-03
2.522927536231884176e+02 2.089617322291235268e+02 1.725327812284334003e-03
2.522450310559006255e+02 2.091371290545203578e+02 4.485852311939268061e-03
2.523011732229123538e+02 2.092017253278122837e+02 7.108350586611455850e-03
2.522792270531400902e+02 2.094621118012422301e+02 6.728778467908902959e-03
2.523262939958592028e+02 2.095448930296756487e+02 6.970324361628709581e-03
2.521426155969634237e+02 2.093653554175293436e+02 4.658385093167701982e-03
2.518398550724637630e+02 2.088177018633540456e+02 3.105590062111801357e-04
2.518837474120082902e+02 2.084409592822636341e+02 0.000000000000000000e+00
2.518308488612836413e+02 2.083946859903381608e+02 0.000000000000000000e+00
2.518834368530020811e+02 2.083996549344375353e+02 3.105590062111801357e-04
2.518961007591442467e+02 2.083882332643202346e+02 1.069703243616287056e-03
2.519439958592132598e+02 2.083827122153209075e+02 1.311249137336093894e-03
2.520083850931677034e+02 2.084484817115251758e+02 3.450655624568668115e-04
2.520096273291925399e+02 2.084297101449275260e+02 7.246376811594202987e-04
2.520065562456866815e+02 2.083797101449275431e+02 1.173222912353347192e-03
2.520390269151138796e+02 2.084154934437543147e+02 1.966873706004140625e-03
2.520142167011732113e+02 2.084181504485852372e+02 2.139406487232574112e-03
2.520586956521739239e+02 2.084991028295376054e+02 2.760524499654934492e-03
2.520912008281573549e+02 2.085432022084195864e+02 2.898550724637681195e-03
2.521250862663906105e+02 2.086124568668047061e+02 3.036576949620427898e-03
2.521311249137336006e+02 2.086693926846100737e+02 4.382332643202208576e-03
2.521766390614216675e+02 2.088247757073843900e+02 4.451345755693582144e-03
2.522064182194617104e+02 2.088818840579710070e+02 3.968253968253968034e-03
2.522306418219461648e+02 2.089709109730848979e+02 1.794340924775707355e-03
2.522786404416839332e+02 2.090651138716356172e+02 6.901311249137336229e-04
2.523357487922705218e+02 2.091537612146307765e+02 9.661835748792270287e-04
2.522964458247066943e+02 2.092663906142167036e+02 1.380262249827467246e-03
2.523219116632160137e+02 2.093839889579020053e+02 4.796411318150448251e-03
2.523695307108350505e+02 2.094806073153899320e+02 6.142167011732229363e-03
2.523305728088336650e+02 2.096165286404416861e+02 6.521739130434782254e-03
2.522596618357488012e+02 2.095378881987577699e+02 3.692201518288474628e-03
2.520388543823326302e+02 2.088473775017253331e+02 1.173222912353347192e-03
2.518573844030365763e+02 2.082337474120082845e+02 0.000000000000000000e+00
2.518402691511387275e+02 2.079862663906142188e+02 7.246376811594202987e-04
2.518200483091787305e+02 2.079383022774327117e+02 9.661835748792270287e-04
2.518465148378191998e+02 2.079288819875776539e+02 1.138716356107660407e-03
2.518785714285714334e+02 2.079496549344375467e+02 1.345755693581780462e-03
2.519052795031055894e+02 2.079553830227743276e+02 1.552795031055900516e-03
2.519955486542443168e+02 2.075056245686680541e+02 0.000000000000000000e+00
2.520148033126293967e+02 2.075252933057280984e+02 0.000000000000000000e+00
2.520408212560386403e+02 2.075165976535541859e+02 0.000000000000000000e+00
2.520762594893029700e+02 2.075520358868184871e+02 0.000000000000000000e+00
2.521244996549344251e+02 2.075953071083505961e+02 3.450655624568668250e-05
2.521625948930296772e+02 2.076350586611456208e+02 3.450655624568668250e-05
2.522158730158730293e+02 2.077101449275362199e+02 3.795721187025534872e-04
2.522287094547964159e+02 2.078020013802622543e+02 1.966873706004140625e-03
2.522486197377501753e+02 2.078869910282953697e+02 2.449965493443754302e-03
2.523086611456176627e+02 2.079580745341614829e+02 2.484472049689441086e-03
2.522775707384403177e+02 2.080440648723257482e+02 1.966873706004140625e-03
2.522682539682539584e+02 2.080811594202898505e+02 2.173913043478260896e-03
2.522599723947550103e+02 2.082351621808143420e+02 2.311939268461007599e-03
2.523159075224292565e+02 2.083199102829537708e+02 2.449965493443754302e-03
2.523446169772256837e+02 2.084087646652864123e+02 3.174603174603174600e-03
2.523546928916494210e+02 2.084829537612146169e+02 4.589371980676328414e-03
2.523268115942028942e+02 2.086487922705314020e+02 3.485162180814354790e-03
2.523256038647342905e+02 2.087243961352656925e+02 3.623188405797101493e-03
2.522961697722567180e+02 2.087022084195997138e+02 1.828847481021394139e-03
2.518697032436162999e+02 2.081178398895790167e+02 1.380262249827467300e-04
2.518210489993098804e+02 2.065286404416839332e+02 0.000000000000000000e+00
2.517817805383022858e+02 2.064269841269841379e+02 0.000000000000000000e+00
2.517726017943409147e+02 2.063649413388543792e+02 6.901311249137336500e-05
2.517862663906142302e+02 2.063966183574879096e+02 2.760524499654934600e-04
2.517857832988267717e+02 2.063469979296066299e+02 2.070393374741200815e-04
2.518325051759834423e+02 2.063252587991718485e+02 3.450655624568668250e-05
2.518710144927536305e+02 2.062803312629399670e+02 1.035196687370600407e-04
2.518873706004140729e+02 2.062725327812284206e+02 1.035196687370600407e-04
2.518962387853692064e+02 2.062399930986887568e+02 2.760524499654934600e-04
2.518917184265010292e+02 2.062592132505176039e+02 3.450655624568668115e-04
2.519329537612146339e+02 2.062982401656314835e+02 5.521048999309869200e-04
2.519506211180124353e+02 2.063606280193236842e+02 4.140786749482401629e-04
2.519995169082125699e+02 2.064412698412698433e+02 3.105590062111801357e-04
2.520244996549344307e+02 2.065180469289165046e+02 1.725327812284334057e-04
2.520479296066252459e+02 2.066003450655624647e+02 1.380262249827467300e-04
2.520982401656314664e+02 2.066734989648033149e+02 6.556245686680469472e-04
2.521457211870255435e+02 2.067764665286404409e+02 1.173222912353347192e-03
2.522074879227053259e+02 2.068527260179434109e+02 1.621808143547274084e-03
2.522512767425810978e+02 2.069274327122153068e+02 2.104899930986887328e-03
2.522876121463077936e+02 2.069748102139406569e+02 2.242926155969634031e-03
2.522747412008281458e+02 2.071348516218081386e+02 2.484472049689441086e-03
2.522816425120772976e+02 2.071867494824016660e+02 1.690821256038647436e-03
2.522928916494133773e+02 2.073143202208419495e+02 2.001380262249827409e-03
2.523205659075224219e+02 2.074561076604554728e+02 1.656314699792960652e-03
2.523901656314699835e+02 2.075530365769496086e+02 2.415458937198067518e-03
2.523219461697722465e+02 2.075923395445134645e+02 1.449275362318840597e-03
2.523588336783988950e+02 2.076212560386473456e+02 1.690821256038647436e-03
2.521182539682539812e+02 2.073275707384403006e+02 1.276742581090407110e-03
2.517957211870255207e+02 2.067086266390614355e+02 4.830917874396135144e-04
2.516035886818495442e+02 2.061313319530710828e+02 0.000000000000000000e+00
2.515757073844030458e+02 2.060344720496894411e+02 0.000000000000000000e+00
2.516089371980676219e+02 2.060649413388543962e+02 0.000000000000000000e+00
2.516275362318840507e+02 2.060763630089716969e+02 0.000000000000000000e+00
2.516315044858523038e+02 2.060803312629399500e+02 0.000000000000000000e+00
2.516569013112491291e+02 2.060833678398895756e+02 0.000000000000000000e+00
2.516526915113871610e+02 2.060849551414768825e+02 2.760524499654934600e-04
2.516859903381642596e+02 2.060365424430641781e+02 2.760524499654934600e-04
2.516844375431331855e+02 2.060614906832298061e+02 0.000000000000000000e+00
2.516944789510006899e+02 2.060036231884058111e+02 3.105590062111801357e-04
2.517455141476880556e+02 2.060546583850931768e+02 5.866114561766735958e-04
2.518238095238095298e+02 2.060265355417529349e+02 0.000000000000000000e+00
2.518780883367839749e+02 2.060808143547274085e+02 0.000000000000000000e+00
2.519497584541062736e+02 2.061475155279503042e+02 0.000000000000000000e+00
2.520129399585921419e+02 2.062157004830917799e+02 3.450655624568668250e-05
2.520782953761214742e+02 2.063402691511387275e+02 3.450655624568668250e-05
2.521317805383022801e+02 2.064387853692201418e+02 2.415458937198067572e-04
2.521616977225672827e+02 2.064903726708074601e+02 2.415458937198067572e-04
2.521951345755693694e+02 2.065990338164251341e+02 6.556245686680469472e-04
2.522476190476190538e+02 2.066775017253278008e+02 1.069703243616287056e-03
2.523211525189786073e+02 2.069227743271221414e+02 2.415458937198067518e-03
2.523780538302277421e+02 2.069783643892339455e+02 3.450655624568668006e-03
2.523427536231884005e+02 2.071313664596273156e+02 2.622498274672187789e-03
2.523722912353346999e+02 2.072333678398895813e+02 2.173913043478260896e-03
2.523342995169082030e+02 2.074866459627329220e+02 2.518978605935127870e-03
2.523211870255348401e+02 2.075817460317460359e+02 2.070393374741200977e-03
2.523553140096618392e+02 2.076623878536921950e+02 2.726017943409247708e-03
2.521922360248447319e+02 2.074133195307108224e+02 2.070393374741200977e-03
2.519299516908212695e+02 2.070250172532781221e+02 6.556245686680469472e-04
2.517406487232574079e+02 2.067947204968943993e+02 6.556245686680469472e-04
2.517955831608005610e+02 2.068226017943409261e+02 1.725327812284334057e-04
2.518360248447204981e+02 2.068867839889579159e+02 1.380262249827467300e-04
2.518910282953761168e+02 2.069572463768115824e+02 1.035196687370600407e-04
2.518956866804692822e+02 2.069577639751552738e+02 1.725327812284334057e-04
2.519578329882677679e+02 2.070249482401656280e+02 1.725327812284334057e-04
2.520059696342304960e+02 2.070681849551414757e+02 1.725327812284334057e-04
2.520032436162871079e+02 2.070457211870255207e+02 3.105590062111801357e-04
2.520381642512077178e+02 2.070657349896480355e+02 7.246376811594202987e-04
2.520473775017253217e+02 2.071267770876466443e+02 1.380262249827467246e-03
2.520535541752933000e+02 2.071874396135265783e+02 1.759834368530020787e-03
2.521337474120082902e+02 2.072603864734299464e+02 1.863354037267080706e-03
2.521910282953761282e+02 2.073734989648033036e+02 2.380952380952381167e-03
2.522461697722567351e+02 2.074376466528640321e+02 1.207729468599033759e-03
2.522374396135265613e+02 2.076599723947550160e+02 5.175983436853002443e-04
2.523024844720496844e+02 2.077589026915113948e+02 8.626639061421670016e-04
2.522113526570048236e+02 2.079712905452036011e+02 1.138716356107660407e-03
2.522464458247066830e+02 2.080488267770876405e+02 7.936507936507936501e-04
2.522231884057970888e+02 2.083126639061421770e+02 1.035196687370600489e-03
2.522575569358178029e+02 2.084153554175293266e+02 1.207729468599033759e-03
2.522497584541062849e+02 2.086683919944789523e+02 2.553485162180814221e-03
2.522254658385093080e+02 2.088010006901311328e+02 4.347826086956521792e-03
2.522770531400966263e+02 2.089199447895099979e+02 6.487232574189096337e-03
2.521625258799171831e+02 2.091404416839199314e+02 6.832298136645962444e-03
2.521680469289164819e+02 2.092280883367839976e+02 6.004140786749482227e-03
2.521281228433402362e+02 2.091252242926155986e+02 6.280193236714975633e-03
2.518731193926846004e+02 2.087838164251207616e+02 2.277432712215320815e-03
2.517954796411318057e+02 2.084015527950310513e+02 9.661835748792270287e-04
2.517912698412698376e+02 2.083029330572808817e+02 9.316770186335403530e-04
2.518601794340924869e+02 2.083312629399586058e+02 3.105590062111801357e-04
2.518850241545893596e+02 2.083290545203588806e+02 6.901311249137336229e-04
2.519422015182884707e+02 2.083811939268460947e+02 1.069703243616287056e-03
2.519379227053140085e+02 2.084144582470669320e+02 5.175983436853002443e-04
2.519725327812284377e+02 2.084279503105589981e+02 6.901311249137336500e-05
2.519776742581090332e+02 2.083795376121462937e+02 6.901311249137336500e-05
2.519651483781918557e+02 2.083320220841959838e+02 6.901311249137336500e-05
2.519753623188405811e+02 2.083157349896480355e+02 3.450655624568668250e-05
2.519591442374050985e+02 2.082539682539682531e+02 2.070393374741200815e-04
2.519630779848171187e+02 2.082612146307798469e+02 1.035196687370600407e-04
2.519840234644582608e+02 2.083002760524499593e+02 1.380262249827467300e-04
2.520028640441684047e+02 2.083467563837129148e+02 7.936507936507936501e-04
2.520648033126294081e+02 2.084406142167011637e+02 1.311249137336093894e-03
2.519713250517598340e+02 2.087520703933747370e+02 0.000000000000000000e+00
2.519978605935127689e+02 2.087786059351276720e+02 0.000000000000000000e+00
2.520416149068323080e+02 2.087947550034506605e+02 0.000000000000000000e+00
2.520613526570048180e+02 2.088167011732229241e+02 0.000000000000000000e+00
2.520768461007591554e+02 2.088065217391304316e+02 0.000000000000000000e+00
2.521167356797791683e+02 2.089185990338164345e+02 6.556245686680469472e-04
2.521198757763975209e+02 2.090121463077984743e+02 8.971704623878536773e-04
2.521741890959282273e+02 2.092260179434092606e+02 8.626639061421670016e-04
2.522369565217391312e+02 2.092628364389233866e+02 8.626639061421670016e-04
2.521917529330572734e+02 2.091851966873705919e+02 9.316770186335403530e-04
2.520657349896480355e+02 2.090012077294686037e+02 5.521048999309869200e-04
2.519902001380262391e+02 2.089296066252587991e+02 5.521048999309869200e-04
2.519851966873706033e+02 2.089302622498274786e+02 5.521048999309869200e-04
2.519830227743271109e+02 2.089305728088336878e+02 1.242236024844720543e-03
2.519956866804692766e+02 2.089232919254658327e+02 1.242236024844720543e-03
2.520006901311249123e+02 2.089317460317460302e+02 7.936507936507936501e-04
2.519975500345065598e+02 2.089000345065562385e+02 8.971704623878536773e-04
2.520165976535541859e+02 2.089290200138026137e+02 1.069703243616287056e-03
2.519772256728778359e+02 2.087745686680469248e+02 1.069703243616287056e-03
2.519380262249827354e+02 2.087069358178053733e+02 6.211180124223602715e-04
2.519264320220841853e+02 2.086939613526569985e+02 8.971704623878536773e-04
2.519663561076604594e+02 2.087572118702553610e+02 1.035196687370600489e-03
2.520084195997239362e+02 2.088030365769496086e+02 1.138716356107660407e-03
2.520733264320220712e+02 2.088550034506556301e+02 1.414768806073153813e-03
2.521470669427191069e+02 2.089605935127674172e+02 1.207729468599033759e-03
2.521463768115941946e+02 2.090107315389924167e+02 1.380262249827467246e-03
2.521842650103519645e+02 2.090458247066942761e+02 1.518288474810213949e-03
2.522172187715665927e+02 2.091561076604554898e+02 1.207729468599033759e-03
2.522381642512077349e+02 2.091881642512077235e+02 4.140786749482401629e-04
2.522742926155969769e+02 2.092645272601794204e+02 8.281573498964803258e-04
2.523062801932367165e+02 2.093051414768806069e+02 1.966873706004140625e-03
2.522760179434092436e+02 2.093019323671497602e+02 1.897860593512767490e-03
2.521969289164941301e+02 2.092122153209109854e+02 1.932367149758454057e-03
2.519177708764665340e+02 2.088369220151828927e+02 1.449275362318840597e-03
2.517787784679088929e+02 2.083182884748102026e+02 4.830917874396135144e-04
2.517649758454106177e+02 2.081182884748102140e+02 1.104209799861973840e-03
2.517825396825396922e+02 2.081110075914423874e+02 1.104209799861973840e-03
2.518322291235334660e+02 2.081279848171152480e+02 1.104209799861973840e-03
2.518285369220151892e+02 2.080995169082125642e+02 7.936507936507936501e-04
2.518229468599033680e+02 2.079884057971014499e+02 8.281573498964803258e-04
2.518155969634230473e+02 2.079749827467218779e+02 1.449275362318840597e-03
2.518609040717736320e+02 2.078216701173222987e+02 2.104899930986887328e-03
2.518607660455486439e+02 2.077492063492063608e+02 1.690821256038647436e-03
2.518585576259489187e+02 2.076369910282953697e+02 1.863354037267080706e-03
2.518694616977225564e+02 2.073953761214630731e+02 3.864734299516908115e-03
2.519237060041407972e+02 2.074648033126294138e+02 4.727398205659075550e-03
2.519770186335403821e+02 2.075047273982056595e+02 5.175983436853002009e-03
2.520698412698412767e+02 2.075560731538992343e+02 5.452035886818495415e-03
2.520859558316080040e+02 2.075566252587991585e+02 6.038647342995169011e-03
2.521386473429951707e+02 2.076159765355417619e+02 6.763285024154589743e-03
2.521648723257418965e+02 2.076245686680469191e+02 8.833678398895790720e-03
2.521958592132505146e+02 2.076259144237405110e+02 6.590752242926155822e-03
2.522200483091787362e+02 2.076441683919944694e+02 7.211870255348516202e-03
2.522650793650793730e+02 2.076752587991718428e+02 4.968944099378882172e-03
2.522495169082125699e+02 2.076508626639061390e+02 5.314009661835749146e-03
2.521788129744651599e+02 2.072695307108350562e+02 3.692201518288474628e-03
2.519023119392684578e+02 2.067851276742581206e+02 1.932367149758454057e-03
2.518003105590062205e+02 2.066210144927536305e+02 2.035886818495514193e-03
2.518292270531401016e+02 2.065896135265700480e+02 1.621808143547274084e-03
2.518405452035886753e+02 2.065175983436853073e+02 1.000690131124913704e-03
2.518915113871635469e+02 2.062027260179434052e+02 0.000000000000000000e+00
2.518924775707384356e+02 2.062059006211180190e+02 0.000000000000000000e+00
2.519569013112491405e+02 2.062736369910282974e+02 1.035196687370600407e-04
2.519878536922015257e+02 2.063000345065562442e+02 1.380262249827467300e-04
2.519644237405107106e+02 2.063062801932367165e+02 2.415458937198067572e-04
2.519780538302277364e+02 2.063109385783298819e+02 2.070393374741200815e-04
2.520220841959972518e+02 2.063555210489993215e+02 4.485852311939268386e-04
2.520398205659075188e+02 2.063669082125603893e+02 6.901311249137336229e-04
2.521032436162871022e+02 2.064362663906142075e+02 6.556245686680469472e-04
2.520913733609385758e+02 2.065065217391304486e+02 6.556245686680469472e-04
2.521278812974465211e+02 2.065629744651483861e+02 1.414768806073153813e-03
2.521579020013802506e+02 2.066029675638371259e+02 1.380262249827467246e-03
2.522049344375431303e+02 2.066684610075914463e+02 2.415458937198067518e-03
2.522107660455486666e+02 2.066857487922705445e+02 1.828847481021394139e-03
2.522456176673568109e+02 2.067465493443754383e+02 2.622498274672187789e-03
2.522657004830917913e+02 2.068370600414078808e+02 3.588681849551414709e-03
2.522478260869565077e+02 2.068269496204278823e+02 3.692201518288474628e-03
2.519391994478951062e+02 2.064814009661835712e+02 1.828847481021394139e-03
2.518463077984817176e+02 2.063796756383712818e+02 1.552795031055900516e-03
2.518363008971704744e+02 2.063431677018633650e+02 1.173222912353347192e-03
2.518787094547964216e+02 2.063593857832988192e+02 1.311249137336093894e-03
2.518454451345755558e+02 2.063134230503795834e+02 1.725327812284334003e-03
2.518632160110420841e+02 2.063273291925465855e+02 6.556245686680469472e-04
2.518612491373361024e+02 2.063259144237404996e+02 7.936507936507936501e-04
2.518913388543823260e+02 2.063952035886818521e+02 9.661835748792270287e-04
2.518700483091787419e+02 2.063866114561766665e+02 7.936507936507936501e-04
2.519174948240165577e+02 2.064221877156659843e+02 7.591442374051069744e-04
2.518631815044858513e+02 2.063320220841959838e+02 8.971704623878536773e-04
2.518760179434092379e+02 2.063700483091787419e+02 5.521048999309869200e-04
2.519537612146307879e+02 2.064529675638371202e+02 8.281573498964803258e-04
2.519874051069703285e+02 2.064611456176673698e+02 8.971704623878536773e-04
2.520743961352656868e+02 2.065569703243616289e+02 1.380262249827467246e-03
2.520981366459627395e+02 2.065950655624568526e+02 2.415458937198067518e-03
2.520908212560386517e+02 2.066159075224292678e+02 2.967563837129054329e-03
2.521213595583160725e+02 2.067087991718426565e+02 2.139406487232574112e-03
2.521121463077984686e+02 2.067592132505176039e+02 2.277432712215320815e-03
2.521841614906832376e+02 2.068270186335403764e+02 2.104899930986887328e-03
2.522352657004830974e+02 2.069340579710144823e+02 3.002070393374741113e-03
2.522027950310558992e+02 2.069285714285714164e+02 2.070393374741200977e-03
2.520755003450655636e+02 2.067625948930296715e+02 1.035196687370600489e-03
2.520242236024844829e+02 2.067095928226362958e+02 9.316770186335403530e-04
2.519985852311939141e+02 2.066348171152519058e+02 1.207729468599033759e-03
2.520067632850241637e+02 2.066479641131815015e+02 1.138716356107660407e-03
2.520585231193926745e+02 2.066943064182194689e+02 1.311249137336093894e-03
2.520720151828847406e+02 2.067054865424430545e+02 1.552795031055900516e-03
2.520766735679779060e+02 2.067269841269841208e+02 1.932367149758454057e-03
2.520902346445824662e+02 2.067542097998619681e+02 1.828847481021394139e-03
2.520841614906832433e+02 2.067413388543823203e+02 2.587991718426501005e-03
2.520994133885438373e+02 2.067558661145617691e+02 2.622498274672187789e-03
2.521838164251207672e+02 2.068426846100759064e+02 3.278122843340234519e-03
2.522445824706694282e+02 2.069044858523119501e+02 2.933057280883367979e-03
2.522546583850931654e+02 2.070442028985507363e+02 1.656314699792960652e-03
2.523181849551414757e+02 2.071368875086266428e+02 2.380952380952381167e-03
2.523609385783298933e+02 2.074149413388543906e+02 3.278122843340234519e-03
2.523843340234644472e+02 2.074948585231194045e+02 2.898550724637681195e-03
2.522752933057280984e+02 2.076652518978605997e+02 3.347135955831608087e-03
2.523065907522429256e+02 2.077369565217391312e+02 4.313319530710835008e-03
2.523332988267770816e+02 2.078323671497584542e+02 5.210489993098688793e-03
2.522738440303657796e+02 2.080176673567978014e+02 5.314009661835749146e-03
2.523233264320220712e+02 2.081224982746721821e+02 6.590752242926155822e-03
2.520030365769496257e+02 2.087519323671497489e+02 1.483781918564527165e-03
2.519254658385093251e+02 2.086187370600414113e+02 1.173222912353347192e-03
2.518341614906832433e+02 2.084145272601794261e+02 5.521048999309869200e-04
2.518321256038647391e+02 2.082037267080745266e+02 4.140786749482401629e-04
2.518434782608695741e+02 2.081459282263629973e+02 1.207729468599033759e-03
2.518136300897170372e+02 2.081028295376121378e+02 1.311249137336093894e-03
2.518490683229813669e+02 2.080932712215320919e+02 5.175983436853002443e-04
2.518875086266390610e+02 2.080614561766735733e+02 2.173913043478260896e-03
2.519046238785369098e+02 2.080414423740510586e+02 2.035886818495514193e-03
2.519065907522429200e+02 2.079978605935127689e+02 2.035886818495514193e-03
2.518876466528640492e+02 2.079359903381642596e+02 1.897860593512767490e-03
2.518613871635610906e+02 2.078476190476190482e+02 2.035886818495514193e-03
2.518523809523809405e+02 2.078535196687370501e+02 2.070393374741200977e-03
2.518293650793650897e+02 2.078415458937197968e+02 2.139406487232574112e-03
2.519257418909592730e+02 2.078252933057280814e+02 2.760524499654934492e-03
2.519447895100068990e+02 2.078443409247757074e+02 1.932367149758454057e-03
2.519268806073153826e+02 2.077888543823326302e+02 1.932367149758454057e-03
2.519345065562456796e+02 2.078123188405797066e+02 3.347135955831608087e-03
2.519616632160110328e+02 2.078169772256728720e+02 3.140096618357487816e-03
2.519557971014492637e+02 2.078103174603174637e+02 2.415458937198067518e-03
2.519739820565907564e+02 2.078246376811594303e+02 2.070393374741200977e-03
2.520149758454106177e+02 2.078497929606625121e+02 2.242926155969634031e-03
2.520276052449965505e+02 2.078829192546583897e+02 2.553485162180814221e-03
2.520289855072463752e+02 2.078976190476190595e+02 3.174603174603174600e-03
2.520712560386473342e+02 2.079268115942028885e+02 3.968253968253968034e-03
2.518181849551414757e+02 2.075186335403726616e+02 2.449965493443754302e-03
2.517276742581090332e+02 2.069779848171152423e+02 4.140786749482401629e-04
2.516803312629399727e+02 2.067458247066942647e+02 0.000000000000000000e+00
2.516980331262940069e+02 2.066215665976535547e+02 3.450655624568668250e-05
2.516565217391304259e+02 2.064616632160110328e+02 7.246376811594202987e-04
2.516662870945479540e+02 2.062371980676328462e+02 5.521048999309869200e-04
2.516756728778467789e+02 2.060743271221532211e+02 1.621808143547274084e-03
2.517036231884057997e+02 2.057719806763284964e+02 1.759834368530020787e-03
2.516685645272601732e+02 2.056574879227053145e+02 1.587301587301587300e-03
2.515682884748102026e+02 2.055306763285024090e+02 1.345755693581780462e-03
2.515688060731538940e+02 2.054147688060731411e+02 1.621808143547274084e-03
2.515873360938578287e+02 2.054125258799171831e+02 1.138716356107660407e-03
2.515923740510696973e+02 2.053531746031746081e+02 8.971704623878536773e-04
2.515861283643892250e+02 2.053701863354037300e+02 1.138716356107660407e-03
2.515763285024154641e+02 2.053413388543823430e+02 4.485852311939268386e-04
2.516033816425120904e+02 2.053599723947550046e+02 6.901311249137336229e-04
2.516229813664596406e+02 2.053534851621808173e+02 6.901311249137336229e-04
2.515959282263630143e+02 2.052555210489992987e+02 6.901311249137336229e-04
2.515757418909592786e+02 2.052309178743961411e+02 1.069703243616287056e-03
2.515359558316079926e+02 2.051733264320220940e+02 1.276742581090407110e-03
2.515492753623188378e+02 2.051800207039337351e+02 1.276742581090407110e-03
2.515484817115251985e+02 2.051746721877156574e+02 1.276742581090407110e-03
2.515706349206349159e+02 2.051660455486542389e+02 1.276742581090407110e-03
2.516286749482401603e+02 2.052037957211870207e+02 1.518288474810213949e-03
2.516049689440993689e+02 2.051791235334713690e+02 1.518288474810213949e-03
2.515440303657694869e+02 2.049836093857832964e+02 7.591442374051069744e-04
2.514688060731538997e+02 2.041590407177363602e+02 7.936507936507936501e-04
2.515859558316080040e+02 2.037187025534851728e+02 0.000000000000000000e+00
2.515752587991718485e+02 2.035884748102139383e+02 0.000000000000000000e+00
2.518342995169082030e+02 2.040461352657004852e+02 0.000000000000000000e+00
2.518816080055210591e+02 2.040583850931677148e+02 0.000000000000000000e+00
2.519018288474810277e+02 2.064732229123533500e+02 0.000000000000000000e+00
2.519325741890959307e+02 2.064322636300897216e+02 0.000000000000000000e+00
2.518998274672187847e+02 2.064287094547964045e+02 0.000000000000000000e+00
2.519162525879917212e+02 2.063685300207039290e+02 0.000000000000000000e+00
2.518806073153899376e+02 2.062401311249137450e+02 0.000000000000000000e+00
2.519310213940648850e+02 2.062772946859903413e+02 0.000000000000000000e+00
2.519493788819875704e+02 2.063116632160110555e+02 0.000000000000000000e+00
2.519681849551414814e+02 2.063305037957211994e+02 6.901311249137336500e-05
2.520241545893719888e+02 2.063864389233954455e+02 1.380262249827467300e-04
2.520302967563837058e+02 2.064185300207039404e+02 1.380262249827467300e-04
2.520672877846790811e+02 2.064734989648033263e+02 3.105590062111801357e-04
2.521070738440303671e+02 2.065005866114561854e+02 6.556245686680469472e-04
2.521116632160110385e+02 2.065046928916494267e+02 1.035196687370600407e-04
2.521125603864734330e+02 2.065014492753623188e+02 1.035196687370600407e-04
2.521313664596273156e+02 2.065219116632160024e+02 4.485852311939268386e-04
2.521515527950310513e+02 2.065521394064872425e+02 1.725327812284334057e-04
2.522073844030365706e+02 2.066104554865424348e+02 2.070393374741200815e-04
2.522197377501725271e+02 2.066261214630779932e+02 3.795721187025534872e-04
2.522678743961352552e+02 2.066742581090407214e+02 5.521048999309869200e-04
2.522545893719806713e+02 2.066780538302277535e+02 9.661835748792270287e-04
2.522797446514837816e+02 2.067587301587301454e+02 2.415458937198067518e-03
2.523151138716356172e+02 2.067764320220842080e+02 2.380952380952381167e-03
2.523027950310558936e+02 2.068172187715665871e+02 2.760524499654934492e-03
2.521908902691511400e+02 2.066847826086956559e+02 1.380262249827467246e-03
2.518829882677708838e+02 2.063584195997239590e+02 3.450655624568668250e-05
2.515931331953071037e+02 2.057332988267770872e+02 0.000000000000000000e+00
2.515599033816424992e+02 2.056570738440303785e+02 2.760524499654934600e-04
2.515785024154589280e+02 2.056371635610765907e+02 5.521048999309869200e-04
2.515576604554865412e+02 2.056384057971014556e+02 5.521048999309869200e-04
2.515717391304347927e+02 2.056160455486542560e+02 5.175983436853002443e-04
2.515936162870945338e+02 2.056379227053139971e+02 3.105590062111801357e-04
2.516265355417529292e+02 2.055645617667356930e+02 4.830917874396135144e-04
2.516453071083505790e+02 2.055580055210490116e+02 0.000000000000000000e+00
2.516552795031055894e+02 2.055220151828847577e+02 0.000000000000000000e+00
2.516923395445134588e+02 2.055538302277432763e+02 3.450655624568668250e-05
2.517328502415458900e+02 2.056004140786749588e+02 3.450655624568668250e-05
2.517461007591442410e+02 2.056154589371980705e+02 3.450655624568668250e-05
2.517600414078675044e+02 2.057111111111111086e+02 6.901311249137336500e-05
2.517749827467218893e+02 2.057260524499654935e+02 1.035196687370600407e-04
2.518412698412698489e+02 2.058677018633540285e+02 2.415458937198067572e-04
2.518969634230503800e+02 2.059120772946859859e+02 2.070393374741200815e-04
2.519337474120082732e+02 2.059996549344375296e+02 1.725327812284334057e-04
2.519752587991718542e+02 2.060524844720496844e+02 1.035196687370600407e-04
2.520221187025534846e+02 2.061335058661145752e+02 1.173222912353347192e-03
2.520870945479641136e+02 2.062118702553485150e+02 1.242236024844720543e-03
2.521153554175293436e+02 2.063577639751552795e+02 6.556245686680469472e-04
2.521774327122153068e+02 2.064430641821946040e+02 8.281573498964803258e-04
2.521924430641821857e+02 2.065004830917874301e+02 1.759834368530020787e-03
2.522299516908212524e+02 2.066478605935127746e+02 2.380952380952381167e-03
2.522889924085576183e+02 2.067156659765355471e+02 2.691511387163560923e-03
2.523220151828847406e+02 2.068480676328502454e+02 1.276742581090407110e-03
2.523455831608005440e+02 2.069207729468598984e+02 1.725327812284334003e-03
2.523792960662525786e+02 2.070806763285024203e+02 3.692201518288474628e-03
2.523607315389924111e+02 2.072238095238095354e+02 1.518288474810213949e-03
2.523558661145617634e+02 2.072188750862663937e+02 1.380262249827467246e-03
2.522391304347825951e+02 2.069996549344375296e+02 6.211180124223602715e-04
2.519440303657694926e+02 2.066003450655624647e+02 5.521048999309869200e-04
2.518411663216010936e+02 2.064858868184955156e+02 4.485852311939268386e-04
2.518936853002070393e+02 2.065653209109730710e+02 6.211180124223602715e-04
2.519463077984817119e+02 2.066183574879227081e+02 4.830917874396135144e-04
2.519563492063492163e+02 2.066261904761904873e+02 5.521048999309869200e-04
2.519899240855762628e+02 2.066619737750172590e+02 3.105590062111801357e-04
2.520287784679088929e+02 2.067425120772946912e+02 5.521048999309869200e-04
2.520701518288474858e+02 2.067768461007591441e+02 5.521048999309869200e-04
2.519707729468599098e+02 2.067520703933747370e+02 2.070393374741200815e-04
2.520234644582470764e+02 2.068047619047619037e+02 3.795721187025534872e-04
2.520390269151138796e+02 2.068482746721877277e+02 7.246376811594202987e-04
2.520860938578329922e+02 2.069168737060041394e+02 3.554175293305727925e-03
2.521667356797791513e+02 2.069975155279502985e+02 1.414768806073153813e-03
2.522119392684610091e+02 2.070441338854382423e+02 1.483781918564527165e-03
2.522693926846100680e+02 2.071060386473429844e+02 2.587991718426501005e-03
2.522615942028985501e+02 2.072283298826777127e+02 1.380262249827467246e-03
2.523136645962732985e+02 2.073085231193926745e+02 2.242926155969634031e-03
2.523599723947550046e+02 2.073973429951690832e+02 1.794340924775707355e-03
2.523229468599033680e+02 2.074658385093167681e+02 2.139406487232574112e-03
2.523513802622498190e+02 2.074904071773636929e+02 3.002070393374741113e-03
2.523255693581780577e+02 2.076147342995168970e+02 4.485852311939268061e-03
2.523351276742581035e+02 2.076750862663906219e+02 4.554865424430641629e-03
2.523484126984126874e+02 2.077295721187025492e+02 5.624568668046929336e-03
2.523315734989648149e+02 2.078899240855762685e+02 5.762594893029675605e-03
2.522504485852311973e+02 2.080555210489993101e+02 3.899240855762594899e-03
2.522722567287784727e+02 2.080580055210490116e+02 3.105590062111801032e-03
2.523177018633540456e+02 2.081244996549344251e+02 2.864044168391994410e-03
2.522779158040027596e+02 2.080758799171842668e+02 3.243616287094548169e-03
2.521309868875086408e+02 2.074152864044168325e+02 1.242236024844720543e-03
2.518267080745341673e+02 2.068875431331952939e+02 1.035196687370600407e-04
2.517923395445134531e+02 2.067719806763284964e+02 6.901311249137336500e-05
2.518301587301587290e+02 2.067821946169772218e+02 0.000000000000000000e+00
2.518420634920634882e+02 2.067940993788819810e+02 0.000000000000000000e+00
2.519309178743961297e+02 2.068382332643202233e+02 0.000000000000000000e+00
2.519641131815044730e+02 2.068570738440303671e+02 3.450655624568668250e-05
2.519640096618357461e+02 2.068956176673567882e+02 1.035196687370600407e-04
2.520091442374051098e+02 2.068833333333333258e+02 4.830917874396135144e-04
2.519937888198757889e+02 2.068543133195307178e+02 5.175983436853002443e-04
2.520106970324361555e+02 2.068734299516908095e+02 5.521048999309869200e-04
2.520271566597653532e+02 2.068898895790200072e+02 7.591442374051069744e-04
2.520653209109730710e+02 2.069402001380262277e+02 6.211180124223602715e-04
2.521148378191856523e+02 2.070220496894409905e+02 5.521048999309869200e-04
2.521376121463077880e+02 2.070717736369910256e+02 5.521048999309869200e-04
2.521790545203588749e+02 2.071678053830227668e+02 5.175983436853002443e-04
2.522011042097998654e+02 2.071922360248447319e+02 8.281573498964803258e-04
2.522360248447205038e+02 2.073103174603174637e+02 9.661835748792270287e-04
2.522808143547273971e+02 2.073578674948240064e+02 1.380262249827467246e-03
2.522763285024154527e+02 2.074568668046928792e+02 9.316770186335403530e-04
2.522768461007591441e+02 2.075191166321601202e+02 1.000690131124913704e-03
2.522992753623188378e+02 2.076009661835748830e+02 9.661835748792270287e-04
2.522844720496894411e+02 2.080212905452035841e+02 6.556245686680469472e-04
2.523120427881297587e+02 2.082970324361628798e+02 1.552795031055900516e-03
2.522819185645272739e+02 2.086808488612836356e+02 1.035196687370600407e-04
2.521923050379572260e+02 2.090356107660455507e+02 1.725327812284334057e-04
2.521295031055900608e+02 2.091511387163561153e+02 3.450655624568668115e-04
2.521147688060731582e+02 2.091165286404416861e+02 6.211180124223602715e-04
2.518929261559696329e+02 2.086011042097998711e+02 5.866114561766735958e-04
2.518058661145617805e+02 2.078332988267770816e+02 4.140786749482401629e-04
2.517841614906832319e+02 2.077105590062111844e+02 4.140786749482401629e-04
2.518014837819185630e+02 2.077063492063492163e+02 4.830917874396135144e-04
2.518381987577639620e+02 2.077259489302967665e+02 7.591442374051069744e-04
2.518592822636300923e+02 2.077089371980676447e+02 1.035196687370600489e-03
2.518998964803312504e+02 2.077496549344375296e+02 1.242236024844720543e-03
2.519640786749482402e+02 2.077325396825396808e+02 8.971704623878536773e-04
2.519977570738440420e+02 2.077663216011042095e+02 1.345755693581780462e-03
2.519792960662526013e+02 2.077034506556245788e+02 1.621808143547274084e-03
2.519775707384403063e+02 2.077116632160110328e+02 0.000000000000000000e+00
2.519701863354037243e+02 2.076827467218771517e+02 0.000000000000000000e+00
2.520332298136646045e+02 2.075408557625949015e+02 1.690821256038647436e-03
2.520476535541752980e+02 2.075817805383022687e+02 1.966873706004140625e-03
2.521070393374741059e+02 2.076186680469289172e+02 2.380952380952381167e-03
2.521198412698412596e+02 2.076668391994479066e+02 2.760524499654934492e-03
2.521523809523809518e+02 2.076615596963422945e+02 3.278122843340234519e-03
2.521891649413388450e+02 2.077113526570048236e+02 3.485162180814354790e-03
2.521807108350586475e+02 2.077768115942029112e+02 3.416149068322981222e-03
2.522052449965493395e+02 2.078237060041407744e+02 5.106970324361628441e-03
2.522103519668737022e+02 2.079114561766735676e+02 3.726708074534161412e-03
2.522176673567977900e+02 2.079394755003450541e+02 3.450655624568668006e-03
2.522662180814354826e+02 2.079985162180814484e+02 4.106280193236715170e-03
2.522651828847480999e+02 2.080145617667356817e+02 3.899240855762594899e-03
2.523003450655624533e+02 2.081089371980676219e+02 3.140096618357487816e-03
2.522588336783989007e+02 2.081445824706694339e+02 2.518978605935127870e-03
2.522860248447204867e+02 2.081593512767425693e+02 2.311939268461007599e-03
2.522886128364389151e+02 2.081259489302967438e+02 2.035886818495514193e-03
2.519234989648033149e+02 2.073329882677708724e+02 3.105590062111801357e-04
2.516747412008281515e+02 2.064639406487232520e+02 0.000000000000000000e+00
2.516998274672187677e+02 2.063984817115251928e+02 1.104209799861973840e-03
2.517300552104899793e+02 2.063911663216011050e+02 1.104209799861973840e-03
2.518136645962732985e+02 2.064052104899930953e+02 1.138716356107660407e-03
2.518125948930296829e+02 2.063776397515528060e+02 1.138716356107660407e-03
2.518114561766735733e+02 2.063537267080745323e+02 1.380262249827467300e-04
2.518328847481021455e+02 2.063451345755693467e+02 3.105590062111801357e-04
2.518346100759144122e+02 2.062761904761904646e+02 6.901311249137336500e-05
2.518049344375431247e+02 2.062801932367149789e+02 0.000000000000000000e+00
2.518034161490683118e+02 2.062720496894409905e+02 0.000000000000000000e+00
2.518669427191166221e+02 2.063377846790890260e+02 0.000000000000000000e+00
2.519207039337474043e+02 2.064013457556935691e+02 3.450655624568668250e-05
2.519410282953761282e+02 2.064207039337474043e+02 3.450655624568668250e-05
2.520113181504485738e+02 2.065711180124223461e+02 1.725327812284334057e-04
2.520928226363008946e+02 2.066791235334713690e+02 1.725327812284334057e-04
2.521362663906142245e+02 2.067440993788819981e+02 1.725327812284334057e-04
2.521764320220841853e+02 2.071047273982056538e+02 6.901311249137336229e-04
2.522160455486542503e+02 2.072373706004140672e+02 1.035196687370600489e-03
2.522351276742581092e+02 2.073922705314009534e+02 3.105590062111801357e-04
2.522408902691511514e+02 2.074934092477570857e+02 4.140786749482401629e-04
2.523260179434092549e+02 2.076268461007591384e+02 6.901311249137336229e-04
2.523429606625258828e+02 2.077906487232574193e+02 3.450655624568668115e-04
2.523506556245686738e+02 2.079423395445134588e+02 1.000690131124913704e-03
2.522936162870945509e+02 2.081225672877846762e+02 7.936507936507936501e-04
2.523371980676328405e+02 2.081969289164941301e+02 8.626639061421670016e-04
2.523356797791580277e+02 2.082791235334713633e+02 1.069703243616287056e-03
2.522558661145617691e+02 2.081948930296756259e+02 1.000690131124913704e-03
2.519730158730158678e+02 2.078259834368529937e+02 2.415458937198067572e-04
2.518514492753623131e+02 2.071798481711525142e+02 0.000000000000000000e+00
2.518357832988267830e+02 2.070112491373360797e+02 0.000000000000000000e+00
2.518687715665976441e+02 2.070406142167011865e+02 0.000000000000000000e+00
2.519139406487232691e+02 2.070835058661145638e+02 0.000000000000000000e+00
2.519485852311939311e+02 2.071181504485852258e+02 1.380262249827467300e-04
2.520076604554865298e+02 2.071993098688750763e+02 2.415458937198067572e-04
2.521416839199447963e+02 2.073062456866804553e+02 2.415458937198067572e-04
2.521616287094547886e+02 2.073863699102829514e+02 3.795721187025534872e-04
2.521719806763285021e+02 2.074639406487232520e+02 1.380262249827467246e-03
2.522222567287784614e+02 2.075611801242235970e+02 1.518288474810213949e-03
2.522339544513457668e+02 2.077577294685990239e+02 8.971704623878536773e-04
2.522756038647343075e+02 2.079304002760524384e+02 1.311249137336093894e-03
2.522215665976535490e+02 2.082920979986197381e+02 2.035886818495514193e-03
2.522557625948930422e+02 2.084251897860593488e+02 1.138716356107660407e-03
2.523043133195307064e+02 2.086644582470669320e+02 1.000690131124913704e-03
2.520481366459627282e+02 2.093134920634920775e+02 0.000000000000000000e+00
2.520643892339544436e+02 2.093562456866804666e+02 0.000000000000000000e+00
2.521104554865424348e+02 2.094230158730158848e+02 2.415458937198067572e-04
2.521231193926846004e+02 2.094710144927536248e+02 1.104209799861973840e-03
2.521465148378191827e+02 2.095474120082815830e+02 1.380262249827467246e-03
2.522201518288474915e+02 2.096762594893029643e+02 1.483781918564527165e-03
2.523023464458246963e+02 2.099039337474119975e+02 1.587301587301587300e-03
2.523288474810213984e+02 2.102514837819185516e+02 1.380262249827467246e-03
2.523899930986887625e+02 2.104316080055210421e+02 1.380262249827467300e-04
2.523642512077294668e+02 2.104265700483091734e+02 3.105590062111801357e-04
2.520068668046928906e+02 2.098044513457556945e+02 3.450655624568668250e-05
2.519079365079365118e+02 2.094739130434782624e+02 0.000000000000000000e+00
2.518316770186335418e+02 2.093284334023464339e+02 0.000000000000000000e+00
2.518204623878536950e+02 2.092413733609385815e+02 0.000000000000000000e+00
2.518073153899240992e+02 2.092260179434092606e+02 0.000000000000000000e+00
2.518145617667356930e+02 2.091490683229813783e+02 0.000000000000000000e+00
2.518697032436162999e+02 2.091369910282953697e+02 3.450655624568668250e-05
2.519192201518288527e+02 2.091370945479641250e+02 2.415458937198067572e-04
2.519464113181504388e+02 2.088724982746721821e+02 4.485852311939268386e-04
2.519102829537612251e+02 2.087902691511387161e+02 7.936507936507936501e-04
2.518519668737060044e+02 2.085270531400966263e+02 1.656314699792960652e-03
2.518833678398895870e+02 2.084966183574879324e+02 1.621808143547274084e-03
2.518459972394755084e+02 2.083129744651483861e+02 2.726017943409247708e-03
2.519047619047618980e+02 2.083281228433402248e+02 3.071083505866114682e-03
2.519201863354037130e+02 2.083236369910283088e+02 2.311939268461007599e-03
2.519398550724637573e+02 2.083275362318840678e+02 2.449965493443754302e-03
2.520044858523119444e+02 2.084325051759834366e+02 4.140786749482401629e-04
2.520244306418219367e+02 2.084706349206349216e+02 4.830917874396135144e-04
2.520027605244996494e+02 2.084605590062111844e+02 4.830917874396135144e-04
2.520996204278812911e+02 2.085300207039337579e+02 5.521048999309869200e-04
2.521291925465838517e+02 2.085780538302277307e+02 3.450655624568668115e-04
2.521427881297446447e+02 2.086018288474810163e+02 4.485852311939268386e-04
2.521200828157350031e+02 2.085706004140786831e+02 4.485852311939268386e-04
2.520457211870255207e+02 2.083881987577639734e+02 1.483781918564527165e-03
2.518491373360938610e+02 2.074759834368529994e+02 1.035196687370600407e-04
2.517655624568668031e+02 2.072444099378882072e+02 6.901311249137336500e-05
2.517737060041407915e+02 2.071513802622498304e+02 0.000000000000000000e+00
2.518193926846100794e+02 2.071272256728778416e+02 1.725327812284334057e-04
2.518560041407867516e+02 2.070922015182884763e+02 1.725327812284334057e-04
2.518788474810213813e+02 2.071289855072463695e+02 1.380262249827467300e-04
2.518773291925465969e+02 2.070823326432022213e+02 3.450655624568668250e-05
2.519197377501725441e+02 2.071114906832298175e+02 6.901311249137336500e-05
2.519351966873705919e+02 2.071170117322291162e+02 2.415458937198067572e-04
2.519453416149068232e+02 2.071026224982746839e+02 3.450655624568668115e-04
2.519250862663906219e+02 2.070071083505866056e+02 1.725327812284334057e-04
2.519801932367149675e+02 2.070825051759834423e+02 2.760524499654934600e-04
2.519948930296756373e+02 2.070879917184265082e+02 3.450655624568668250e-05
2.520168391994479009e+02 2.071044168391994447e+02 3.450655624568668250e-05
2.520019323671497489e+02 2.070902346445824662e+02 7.246376811594202987e-04
2.520050724637681299e+02 2.070774672187715737e+02 7.246376811594202987e-04
2.520109385783298706e+02 2.070859903381642653e+02 5.175983436853002443e-04
2.520165286404416918e+02 2.071286749482401603e+02 8.971704623878536773e-04
2.520599378881987604e+02 2.071781573498964804e+02 6.556245686680469472e-04
2.520489302967563958e+02 2.071754313319530638e+02 6.556245686680469472e-04
2.520884057971014443e+02 2.072137336093857698e+02 7.246376811594202987e-04
2.521132850241545782e+02 2.072203933747412066e+02 8.281573498964803258e-04
2.521315044858523038e+02 2.072726363008971759e+02 1.104209799861973840e-03
2.520720496894410019e+02 2.071615596963422945e+02 8.281573498964803258e-04
2.517419599723947670e+02 2.063022084195997365e+02 2.242926155969634031e-03
2.515833333333333428e+02 2.058472394755003450e+02 3.450655624568668250e-05
2.516339199447895112e+02 2.051462387853692064e+02 1.380262249827467300e-04
2.516711180124223688e+02 2.051770876466528648e+02 1.380262249827467300e-04
2.516698412698412710e+02 2.051758109040717670e+02 0.000000000000000000e+00
2.517158040027605352e+02 2.051997584541062736e+02 1.380262249827467300e-04
2.517297101449275374e+02 2.051948240165631603e+02 1.380262249827467300e-04
2.517532436162871079e+02 2.052606280193236614e+02 1.380262249827467300e-04
2.517963077984817062e+02 2.053037267080745210e+02 8.971704623878536773e-04
2.518220496894410019e+02 2.053413043478260818e+02 1.069703243616287056e-03
2.518539682539682474e+02 2.053660800552104888e+02 1.173222912353347192e-03
2.518888888888888857e+02 2.054021739130434696e+02 4.140786749482401629e-04
2.519556590752243039e+02 2.054695997239475389e+02 6.556245686680469472e-04
2.519521394064872197e+02 2.055381987577639791e+02 7.936507936507936501e-04
2.519513802622498133e+02 2.055586956521739239e+02 8.971704623878536773e-04
2.519599378881987661e+02 2.056418909592822502e+02 7.591442374051069744e-04
2.520192546583850799e+02 2.057453761214630674e+02 7.246376811594202987e-04
2.520448585231193874e+02 2.058298481711525199e+02 1.069703243616287056e-03
2.520826432022084305e+02 2.058874741200828282e+02 1.483781918564527165e-03
2.520698067632850154e+02 2.059629399585921306e+02 1.828847481021394139e-03
2.520750862663906275e+02 2.059969634230503743e+02 1.311249137336093894e-03
2.521160110420979947e+02 2.060797101449275317e+02 1.414768806073153813e-03
2.521964803312629329e+02 2.062168391994478895e+02 1.483781918564527165e-03
2.522266735679779117e+02 2.062789164941338811e+02 1.518288474810213949e-03
2.522038992408557760e+02 2.063042097998619795e+02 5.521048999309869200e-04
2.518563146997929607e+02 2.059322981366459544e+02 1.725327812284334057e-04
2.516355417529330509e+02 2.047831262939958492e+02 2.760524499654934600e-04
2.516072118702553553e+02 2.046207039337474214e+02 0.000000000000000000e+00
2.516630779848171073e+02 2.045534506556245731e+02 0.000000000000000000e+00
2.516944099378881958e+02 2.045549689440993859e+02 0.000000000000000000e+00
2.518445134575569284e+02 2.050998964803312674e+02 3.450655624568668250e-05
2.518681504485852258e+02 2.052048309178744034e+02 1.725327812284334057e-04
2.519048999309868861e+02 2.053612491373361024e+02 3.450655624568668250e-05
2.519388888888888971e+02 2.054952726017943405e+02 3.450655624568668115e-04
2.519697377501725271e+02 2.056026570048309168e+02 1.587301587301587300e-03
2.519936507936508008e+02 2.056552449965493565e+02 9.316770186335403530e-04
2.519857487922705275e+02 2.057722912353347056e+02 1.518288474810213949e-03
2.520571773636991111e+02 2.058462042788129622e+02 1.690821256038647436e-03
2.521045203588681716e+02 2.058984817115251928e+02 2.070393374741200977e-03
2.521406142167011808e+02 2.060223257418909668e+02 2.587991718426501005e-03
2.521723947550034381e+02 2.060528295376121548e+02 4.175293305728088739e-03
2.521444789510006785e+02 2.061456176673567882e+02 4.175293305728088739e-03
2.522138026224982639e+02 2.062554520358868047e+02 4.382332643202208576e-03
2.521667701863354125e+02 2.062303312629399556e+02 5.590062111801242552e-03
2.522248447204968897e+02 2.063056590752242982e+02 6.004140786749482227e-03
2.522049689440993916e+02 2.063179089026914994e+02 6.383712905452035985e-03
2.522385093167701768e+02 2.063397860593512689e+02 5.969634230503795443e-03
2.521390614216701067e+02 2.061528985507246432e+02 3.726708074534161412e-03
2.520584541062801804e+02 2.060185645272601676e+02 3.002070393374741113e-03
2.519057625948930195e+02 2.058615596963423116e+02 1.966873706004140625e-03
2.517547273982056595e+02 2.055055555555555600e+02 1.725327812284334057e-04
2.514407522429261519e+02 2.047748792270531339e+02 1.380262249827467300e-04
2.514178398895790281e+02 2.043977915804002805e+02 3.450655624568668250e-05
2.514663561076604594e+02 2.043121463077984856e+02 3.450655624568668250e-05
2.515174603174603192e+02 2.043003105590062205e+02 3.105590062111801357e-04
2.517550379572118686e+02 2.063432367149758591e+02 0.000000000000000000e+00
2.517690821256038589e+02 2.063605935127674229e+02 0.000000000000000000e+00
2.518040372670807585e+02 2.063223947550034438e+02 2.760524499654934600e-04
2.518376121463078050e+02 2.063440993788819924e+02 2.795031055900621276e-03
2.518450310559006198e+02 2.063499999999999943e+02 8.626639061421670016e-04
2.518702898550724569e+02 2.063951345755693580e+02 9.661835748792270287e-04
2.518917529330572904e+02 2.063995514147688084e+02 1.173222912353347192e-03
2.520516563146997839e+02 2.066780193236714922e+02 1.966873706004140625e-03
2.521231538992408616e+02 2.067701173222912416e+02 1.345755693581780462e-03
2.521478951000690074e+02 2.067946514837819052e+02 1.414768806073153813e-03
2.521736024844720419e+02 2.068247757073843900e+02 7.591442374051069744e-04
2.521711180124223688e+02 2.068748792270531283e+02 7.591442374051069744e-04
2.522461007591442410e+02 2.070479986197377400e+02 3.347135955831608087e-03
2.523175983436852903e+02 2.071459972394754914e+02 3.588681849551414709e-03
2.523600069013112375e+02 2.072531746031746138e+02 4.796411318150448251e-03
2.523475155279503213e+02 2.073429951690821156e+02 5.210489993098688793e-03
2.523926846100759178e+02 2.075451000690131025e+02 8.730158730158730368e-03
2.522118357487922822e+02 2.078819185645272682e+02 3.209109730848861385e-03
2.522677018633540342e+02 2.079925120772946912e+02 6.280193236714975633e-03
2.521969979296066242e+02 2.082004140786749531e+02 7.004830917874396365e-03
2.522157349896480412e+02 2.082399930986887568e+02 8.833678398895790720e-03
2.520313319530710885e+02 2.078852657004831030e+02 3.692201518288474628e-03
2.519182194616977313e+02 2.075614906832298061e+02 1.725327812284334057e-04
2.519292615596963287e+02 2.074409247757073729e+02 6.901311249137336500e-05
2.519651828847480886e+02 2.074691166321601088e+02 1.035196687370600407e-04
2.519675983436852960e+02 2.074856452726018006e+02 6.901311249137336229e-04
2.519938578329882546e+02 2.075373015873015845e+02 7.591442374051069744e-04
2.520742236024844658e+02 2.076418564527260173e+02 3.174603174603174600e-03
2.521429951690821269e+02 2.078352657004830917e+02 3.002070393374741113e-03
2.521674258109040636e+02 2.078685300207039290e+02 2.691511387163560923e-03
2.521597308488612725e+02 2.078691166321601145e+02 1.173222912353347192e-03
2.521309868875086408e+02 2.078928226363009060e+02 1.138716356107660407e-03
2.521356797791580391e+02 2.079262249827467315e+02 1.587301587301587300e-03
2.521928226363008889e+02 2.079838854382332727e+02 1.587301587301587300e-03
2.521841614906832376e+02 2.081630089717046133e+02 2.484472049689441086e-03
2.522540717736369800e+02 2.083699102829537537e+02 3.347135955831608087e-03
2.523107660455486609e+02 2.084829192546583840e+02 1.173222912353347192e-03
2.522898205659075188e+02 2.086662525879917212e+02 2.035886818495514193e-03
2.523260869565217490e+02 2.087527950310559106e+02 2.104899930986887328e-03
2.523761904761904873e+02 2.088751207729468717e+02 1.483781918564527165e-03
2.522909937888198897e+02 2.090477570738440249e+02 1.483781918564527165e-03
2.522782608695652300e+02 2.091251897860593374e+02 1.518288474810213949e-03
2.522968253968253975e+02 2.092399930986887568e+02 2.380952380952381167e-03
2.523010697032436269e+02 2.092817805383022858e+02 2.829537612146307626e-03
2.521063837129054548e+02 2.089920634920634939e+02 1.414768806073153813e-03
2.518748102139406626e+02 2.084909247757073842e+02 0.000000000000000000e+00
2.518056590752242982e+02 2.082648378191856580e+02 0.000000000000000000e+00
2.518216356107660374e+02 2.081995169082125585e+02 0.000000000000000000e+00
2.518231538992408503e+02 2.082244306418219537e+02 0.000000000000000000e+00
2.518625603864734330e+02 2.081978605935127575e+02 0.000000000000000000e+00
2.518809178743961468e+02 2.081685990338164345e+02 1.035196687370600407e-04
2.519404071773637099e+02 2.082064182194617104e+02 1.725327812284334057e-04
2.518669427191166221e+02 2.080804347826087053e+02 3.450655624568668115e-04
2.518800552104899850e+02 2.080725672877846932e+02 5.866114561766735958e-04
2.518431331953071037e+02 2.079158385093167567e+02 1.483781918564527165e-03
2.518097653554175395e+02 2.078841269841269934e+02 1.242236024844720543e-03
2.517768115942029112e+02 2.078386128364389265e+02 1.483781918564527165e-03
2.518076604554865412e+02 2.078453071083505961e+02 1.483781918564527165e-03
2.518524499654934345e+02 2.078477915804002691e+02 1.069703243616287056e-03
2.518883022774327003e+02 2.078674603174603135e+02 1.242236024844720543e-03
2.519856107660455393e+02 2.079185990338164345e+02 7.936507936507936501e-04
2.519314699792960539e+02 2.078772946859903357e+02 4.830917874396135144e-04
2.519329537612146339e+02 2.078809868875086408e+02 2.415458937198067572e-04
2.519053140096618222e+02 2.078630089717046303e+02 1.725327812284334057e-04
2.519536576949620326e+02 2.078655969634230587e+02 3.795721187025534872e-04
2.519383712905452057e+02 2.077497929606625178e+02 7.936507936507936501e-04
2.519160455486542389e+02 2.077402001380262391e+02 1.069703243616287056e-03
2.520820910973084779e+02 2.071959282263630087e+02 0.000000000000000000e+00
2.520718426501035196e+02 2.071823671497584485e+02 0.000000000000000000e+00
2.516174258109040807e+02 2.065839889579019939e+02 0.000000000000000000e+00
2.514564527260179432e+02 2.061433747412008302e+02 0.000000000000000000e+00
2.513705659075224332e+02 2.057604554865424404e+02 0.000000000000000000e+00
2.514277777777777771e+02 2.056835058661145581e+02 0.000000000000000000e+00
2.514734299516908322e+02 2.056335748792270408e+02 0.000000000000000000e+00
2.515236369910282974e+02 2.055342995169082201e+02 5.521048999309869200e-04
2.515212905452035841e+02 2.054585231193926802e+02 5.521048999309869200e-04
2.515541752933057182e+02 2.054055555555555657e+02 5.521048999309869200e-04
2.515489302967563958e+02 2.053513112491373249e+02 2.415458937198067572e-04
2.515378536922015087e+02 2.052554175293305718e+02 2.415458937198067572e-04
2.514979641131814958e+02 2.051683229813664582e+02 2.415458937198067572e-04
2.514663216011041982e+02 2.051205314009661720e+02 3.105590062111801357e-04
2.514800207039337465e+02 2.051380952380952465e+02 4.140786749482401629e-04
2.515500690131125054e+02 2.051149068322981464e+02 5.521048999309869200e-04
2.515858868184955099e+02 2.051766735679779288e+02 6.211180124223602715e-04
2.516016908212560281e+02 2.051708764665286537e+02 1.173222912353347192e-03
2.515967908902691477e+02 2.051571428571428442e+02 1.000690131124913704e-03
2.516022429261559807e+02 2.051507246376811509e+02 7.936507936507936501e-04
2.516468253968253919e+02 2.051487232574189079e+02 4.830917874396135144e-04
2.516604899930986790e+02 2.051716356107660317e+02 5.521048999309869200e-04
2.517142512077294612e+02 2.052403036576949660e+02 6.211180124223602715e-04
2.517311249137336233e+02 2.052849206349206383e+02 1.138716356107660407e-03
2.517830227743271223e+02 2.053783643892339512e+02 1.690821256038647436e-03
2.518121118012422244e+02 2.054387163561076477e+02 1.966873706004140625e-03
2.518379572118702470e+02 2.054645617667356703e+02 2.449965493443754302e-03
2.518358523119392771e+02 2.054908902691511514e+02 2.691511387163560923e-03
2.517989993098688615e+02 2.054275362318840621e+02 2.898550724637681195e-03
2.516623533471359622e+02 2.050521739130434753e+02 5.175983436853002443e-04
2.515541062801932242e+02 2.045237060041407915e+02 0.000000000000000000e+00
2.515830917874395993e+02 2.043990683229813783e+02 0.000000000000000000e+00
2.516179434092477436e+02 2.043665631469979189e+02 2.070393374741200815e-04
2.518299861973775080e+02 2.049708074534161426e+02 2.415458937198067572e-04
2.518536231884058054e+02 2.050002415458937151e+02 5.175983436853002443e-04
2.518399240855762571e+02 2.050968253968254089e+02 1.069703243616287056e-03
2.518829537612146225e+02 2.052180469289164932e+02 1.725327812284334057e-04
2.518985852311939198e+02 2.052742581090407157e+02 1.725327812284334057e-04
2.518759144237405110e+02 2.052916839199448020e+02 1.311249137336093894e-03
2.519558661145617577e+02 2.053650103519668733e+02 1.345755693581780462e-03
2.520083850931677034e+02 2.054332988267770759e+02 1.483781918564527165e-03
2.520047619047618923e+02 2.054457556935817877e+02 1.725327812284334003e-03
2.520303657694961998e+02 2.055073498964803207e+02 1.932367149758454057e-03
2.520761904761904759e+02 2.055858868184955099e+02 1.552795031055900516e-03
2.520704278812974337e+02 2.055999999999999943e+02 6.211180124223602715e-04
2.520940303657694983e+02 2.056403381642512045e+02 5.175983436853002443e-04
2.520945479641131897e+02 2.057164596273291863e+02 1.587301587301587300e-03
2.521192546583851026e+02 2.058151483781918500e+02 1.794340924775707355e-03
2.521333678398895870e+02 2.059321601104209662e+02 1.863354037267080706e-03
2.521600759144237429e+02 2.059672532781228540e+02 2.001380262249827409e-03
2.521187370600414113e+02 2.060626984126984098e+02 2.104899930986887328e-03
