2.531785512167515435e+02 2.065894524617996524e+02 6.184917940011318560e-01
2.531785512167515435e+02 2.065894524617996524e+02 6.184917940011318560e-01
2.531785512167515435e+02 2.065894524617996524e+02 6.184917940011318560e-01
2.531672325976230979e+02 2.065916454442557892e+02 6.153438030560272054e-01
2.530229909451047092e+02 2.064245189586870310e+02 5.526669496321449104e-01
2.530380942275042457e+02 2.064202391058290971e+02 5.591751556310130544e-01
2.528419284097340096e+02 2.062926570458404001e+02 4.191779852857951405e-01
2.526179258630447180e+02 2.064191426146010144e+02 2.017190152801358327e-01
2.524250495189586729e+02 2.066207201471420376e+02 6.794708545557441581e-02
2.522547396717600350e+02 2.063342529711375164e+02 2.256649688737974099e-02
2.519233870967742064e+02 2.058213780418788872e+02 1.563384267119411267e-02
2.518579867006225186e+02 2.057210314091680914e+02 1.531550650820599942e-02
2.518539190718732357e+02 2.056704159592529777e+02 1.255659309564233217e-02
2.519367925863044775e+02 2.058929329371816550e+02 9.656196943972834498e-03
2.520204796264855815e+02 2.061232314657611653e+02 1.107102433503112660e-02
2.522246745897000437e+02 2.064506932654216200e+02 4.633559705715903018e-03
2.522477009054895234e+02 2.066735639501980870e+02 5.022637238256932347e-03
2.522586658177702361e+02 2.068027376910017097e+02 3.643180531975099157e-03
2.521936191284663380e+02 2.070496604414261412e+02 3.041878890775325493e-03
2.522382923033389943e+02 2.073228636106395015e+02 4.173740803621958477e-03
2.522270444255800896e+02 2.077765987549518911e+02 3.112620260328239838e-03
2.522853706847764670e+02 2.080733234295416025e+02 3.041878890775325493e-03
2.522246745897000437e+02 2.082647142048670048e+02 2.369835880022637051e-03
2.522115520656479930e+02 2.083132781550650918e+02 2.971137521222410715e-03
2.521152376910017097e+02 2.082253112620260254e+02 2.122241086587436411e-03
2.519854626485568758e+02 2.080745967741935374e+02 2.122241086587436411e-03
2.518763087153367337e+02 2.078102362761742938e+02 9.550084889643463632e-04
2.518968237125070857e+02 2.076976160158460800e+02 9.196378041878890824e-04
2.519258630447085352e+02 2.076628466327107958e+02 1.202603282399547328e-03
2.519750990379173743e+02 2.076056876061120420e+02 1.839275608375778165e-03
2.520719793435200984e+02 2.077574632144878422e+02 1.980758347481607288e-03
2.521280065082059991e+02 2.079063030560271557e+02 2.475947934352009110e-04
2.521234436898698448e+02 2.081573995472552383e+02 8.135257498585172402e-04
2.522022142048670048e+02 2.087493279569892479e+02 6.366723259762309449e-04
2.522889077532541080e+02 2.090052348613469064e+02 4.244482173174872605e-04
2.522636884550084915e+02 2.090114247311827853e+02 4.951895868704018220e-04
2.521289615166949716e+02 2.087572863610639615e+02 3.537068477645727397e-05
2.520719086021505291e+02 2.085717671194114189e+02 0.000000000000000000e+00
2.520460880022637298e+02 2.085391553480475295e+02 1.061120543293718151e-04
2.520659309564233297e+02 2.086314374646293288e+02 1.061120543293718151e-04
2.520785936615732794e+02 2.087040888511601509e+02 1.061120543293718151e-04
2.521630588568194753e+02 2.089226796830786554e+02 2.122241086587436302e-04
2.521645444255800896e+02 2.089955432937181570e+02 7.074136955291454793e-05
2.522174235993208811e+02 2.090620755517826694e+02 1.414827391058290959e-04
2.521911431805319808e+02 2.090470076400679034e+02 1.414827391058290959e-04
2.521494411431805247e+02 2.090040322580645125e+02 2.829654782116581917e-04
2.522149122807017534e+02 2.090876485568760472e+02 5.659309564233163834e-04
2.522279640633842632e+02 2.091147071307300394e+02 8.135257498585172402e-04
2.522068477645727285e+02 2.091796477079796261e+02 1.061120543293718205e-03
2.522280701754386030e+02 2.092235073571024202e+02 1.202603282399547328e-03
2.522212082625919720e+02 2.093048953027730477e+02 1.273344651952461890e-03
2.522334465195246196e+02 2.093302207130730039e+02 1.379456706281833624e-03
2.521932654216185767e+02 2.093335455574419939e+02 8.488964346349745210e-04
2.522068123938879580e+02 2.093334394453876541e+02 4.951895868704018220e-04
2.522135681946802492e+02 2.093396293152235330e+02 4.951895868704018220e-04
2.522360639501980870e+02 2.093628678551216638e+02 1.308715336728919062e-03
2.522825410299943485e+02 2.094199561403508767e+02 1.202603282399547328e-03
2.523088214487832488e+02 2.095293930390492392e+02 7.074136955291453980e-04
2.523179470854555859e+02 2.096298104131296043e+02 2.228353140916808361e-03
2.522897920203735111e+02 2.096893746462931460e+02 2.935766836445953543e-03
2.520390846066779886e+02 2.092868208828522825e+02 7.074136955291454793e-05
2.518723825693265326e+02 2.090680531975098972e+02 1.061120543293718151e-04
2.518008984153933341e+02 2.089196024335031154e+02 7.074136955291454793e-05
2.518131720430107521e+02 2.089321590265987538e+02 7.074136955291454793e-05
2.518252334465195190e+02 2.089736488398415304e+02 9.196378041878890824e-04
2.518388511601584696e+02 2.089957555178268365e+02 8.488964346349745210e-04
2.519028367289190840e+02 2.090535158460667731e+02 9.903791737408036439e-04
2.519564586870401683e+02 2.091048740803622081e+02 9.903791737408036439e-04
2.519826683644595278e+02 2.091412705149971600e+02 1.025749858517260816e-03
2.519641694963214604e+02 2.091594156762874945e+02 1.167232597623089939e-03
2.519731536502546589e+02 2.091698146576117665e+02 1.485568760611205357e-03
2.520489530277306187e+02 2.092160441426146065e+02 1.697792869269949042e-03
2.520877546689303870e+02 2.092820104697227066e+02 2.086870401810979238e-03
2.520944750990379077e+02 2.093707908885116069e+02 2.122241086587436411e-03
2.521481677985285899e+02 2.094375000000000000e+02 2.299094510469722706e-03
2.521745189586870310e+02 2.096225947934352121e+02 2.440577249575551829e-03
2.521850947934352121e+02 2.096597693831352558e+02 5.659309564233163834e-04
2.522454725523486161e+02 2.097110922467458920e+02 4.951895868704018220e-04
2.522251697792869152e+02 2.097612478777589047e+02 4.951895868704018220e-04
2.522375495189586729e+02 2.098071590265987538e+02 7.427843803056026787e-04
2.522730616864742501e+02 2.098845500848896393e+02 8.842671194114318017e-04
2.522757144878324880e+02 2.099767614601018693e+02 1.273344651952461890e-03
2.522670132993774814e+02 2.101289615166949716e+02 1.768534238822863603e-03
2.523054966044142589e+02 2.101829725523486161e+02 1.450198075834748185e-03
2.523066992076966528e+02 2.101819114318053323e+02 1.697792869269949042e-03
2.521569397283531373e+02 2.099955079230333865e+02 8.488964346349745210e-04
2.519833757781550787e+02 2.094337153367289091e+02 7.074136955291454793e-05
2.519356960950763948e+02 2.089219722693831329e+02 0.000000000000000000e+00
2.518584465195246196e+02 2.086668788907753367e+02 0.000000000000000000e+00
2.517952391058290971e+02 2.085699985851726126e+02 0.000000000000000000e+00
2.517964417091114910e+02 2.084983375778155050e+02 5.659309564233163834e-04
2.518271434634974639e+02 2.083885469722693813e+02 5.659309564233163834e-04
2.518884762308998404e+02 2.082710455574419939e+02 7.074136955291454793e-05
2.518858941709111434e+02 2.082646434634974639e+02 1.414827391058290959e-04
2.519292940011318649e+02 2.082022142048670048e+02 3.890775325410299797e-04
2.519254739671760035e+02 2.082214558573853935e+02 4.598189020939445412e-04
2.519226443123938850e+02 2.080997807017543835e+02 4.244482173174872605e-04
2.519622241086587451e+02 2.081348330503678596e+02 5.659309564233163834e-04
2.520134054895302711e+02 2.081679046406338500e+02 5.305602716468591027e-04
2.520710950764006668e+02 2.082476655348047530e+02 3.183361629881154725e-04
2.521311898698358789e+02 2.083632215619694534e+02 4.951895868704018220e-04
2.521653933220147223e+02 2.084514714204867118e+02 3.537068477645726990e-04
2.521745543293718299e+02 2.086089417091114910e+02 3.537068477645726990e-04
2.522100311262026082e+02 2.087096420486700481e+02 8.135257498585172402e-04
2.521879951895868714e+02 2.088982739105829012e+02 4.951895868704018220e-04
2.522285653650254744e+02 2.089985498019241561e+02 4.951895868704018220e-04
2.522360639501980870e+02 2.090193831352574989e+02 2.122241086587436302e-04
2.522310766836446021e+02 2.091912492925862921e+02 2.475947934352009110e-04
2.522107385398981307e+02 2.092984578381437473e+02 3.890775325410299797e-04
2.521669496321448776e+02 2.094098754951895955e+02 2.829654782116581917e-04
2.522502475947934215e+02 2.095161290322580783e+02 4.244482173174872605e-04
2.522712224108658745e+02 2.096680814940577307e+02 1.061120543293718205e-03
2.522443053197509926e+02 2.096490874363327634e+02 1.061120543293718205e-03
2.522004810413129690e+02 2.095938737973967250e+02 1.414827391058290796e-03
2.520294991511035789e+02 2.094078947368421098e+02 7.427843803056026787e-04
2.520005305602716419e+02 2.092533602150537604e+02 6.720430107526882257e-04
2.519745331069609620e+02 2.091385116015846108e+02 1.414827391058290959e-04
2.520213992642897551e+02 2.091580715902659904e+02 7.074136955291454793e-05
2.519835880022637298e+02 2.090285795132993769e+02 1.768534238822863495e-04
2.520439657611771338e+02 2.090646929824561369e+02 3.537068477645726990e-04
2.520679824561403564e+02 2.090568053197509926e+02 0.000000000000000000e+00
2.520898415393322125e+02 2.091086587436332707e+02 8.488964346349745210e-04
2.521127263723825820e+02 2.091854485002829733e+02 0.000000000000000000e+00
2.521488044708545431e+02 2.092104909451047092e+02 2.829654782116581917e-04
2.521436049801924071e+02 2.092368774759479209e+02 7.074136955291454793e-05
2.521880659309564123e+02 2.093247736276174180e+02 3.537068477645727397e-05
2.521791878890775251e+02 2.094888936049802055e+02 3.537068477645726990e-04
2.522125778155065063e+02 2.095378466327107958e+02 1.061120543293718151e-04
2.522287775891341255e+02 2.096049801924165195e+02 2.829654782116581917e-04
2.522344015280135920e+02 2.096731395019807564e+02 4.598189020939445412e-04
2.522944609507640052e+02 2.097312181663837123e+02 1.450198075834748185e-03
2.522982809847198666e+02 2.098204937747594840e+02 1.591680814940577308e-03
2.523245614035087669e+02 2.098382852292020289e+02 9.903791737408036439e-04
2.523048245614035068e+02 2.099414968873797420e+02 1.202603282399547328e-03
2.523221561969439790e+02 2.101266270514997245e+02 1.520939445387662747e-03
2.523382498585172584e+02 2.102322792869269961e+02 1.839275608375778165e-03
2.523221915676287495e+02 2.104459889643463555e+02 1.591680814940577308e-03
2.523077249575551662e+02 2.106803551216751487e+02 8.488964346349745210e-04
2.523180178268251268e+02 2.108263299377476017e+02 1.839275608375778165e-03
2.523367289190718736e+02 2.109134479343520070e+02 2.511318619128466174e-03
2.522918435200905378e+02 2.109647354272778728e+02 1.662422184493491870e-03
2.522811615732880455e+02 2.109573075834748295e+02 1.910016977928692726e-03
2.522100664968873787e+02 2.108853989813242720e+02 2.475947934352009001e-03
2.517030631013016375e+02 2.085519595359366178e+02 0.000000000000000000e+00
2.517056805319751049e+02 2.085545769666100853e+02 0.000000000000000000e+00
2.518309634974532969e+02 2.086201542161856253e+02 0.000000000000000000e+00
2.518734790605546152e+02 2.086400325410299956e+02 0.000000000000000000e+00
2.519008205998868277e+02 2.086720430107527022e+02 3.537068477645727397e-05
2.519349886813808723e+02 2.087428551216751487e+02 2.829654782116581917e-04
2.519856395019807564e+02 2.088218024900962178e+02 7.781550650820599595e-04
2.519923953027730477e+02 2.088404428409733953e+02 1.025749858517260816e-03
2.520103636106395015e+02 2.088487903225806406e+02 1.450198075834748185e-03
2.520446024335031154e+02 2.088762379739671644e+02 1.768534238822863603e-03
2.520239459535936533e+02 2.088685979060554700e+02 1.520939445387662747e-03
2.520627829654782204e+02 2.089353070175438631e+02 2.475947934352009001e-03
2.520879315223542676e+02 2.089738964346349803e+02 1.980758347481607288e-03
2.521330645161290249e+02 2.090416666666666572e+02 9.550084889643463632e-04
2.521411644029428487e+02 2.090571236559139834e+02 9.903791737408036439e-04
2.521332767402377044e+02 2.090534804753820026e+02 1.131861912846632767e-03
2.521744835880022606e+02 2.090946873231465872e+02 9.903791737408036439e-04
2.522009054895302711e+02 2.091363893604980149e+02 1.167232597623089939e-03
2.521921335597057237e+02 2.091791171477079843e+02 1.450198075834748185e-03
2.522076966610073612e+02 2.092320316921335461e+02 1.803904923599320776e-03
2.522277164685908417e+02 2.092984578381437473e+02 1.874646293152235337e-03
2.522325268817204176e+02 2.093451471420486598e+02 2.369835880022637051e-03
2.522357102433502973e+02 2.093641765704583975e+02 2.405206564799094657e-03
2.522865025466892916e+02 2.094478282399547311e+02 3.926146010186756970e-03
2.523127829654782204e+02 2.094743916242218518e+02 4.138370118845500871e-03
2.522610002829654832e+02 2.094339275608375885e+02 2.405206564799094657e-03
2.521142119411431679e+02 2.092694892473118387e+02 6.013016411997736642e-04
2.518670062252405160e+02 2.089804753820033909e+02 4.598189020939445412e-04
2.517804187889077525e+02 2.088164968873797420e+02 1.768534238822863495e-04
2.517650325410299956e+02 2.087613539898132444e+02 1.414827391058290959e-04
2.517766694963214604e+02 2.086398556876061150e+02 2.475947934352009110e-04
2.517329867006225186e+02 2.085452391058290971e+02 7.074136955291454793e-05
2.517560483870967687e+02 2.085637733446519633e+02 7.074136955291454793e-05
2.518016765704583975e+02 2.085279074702886248e+02 7.074136955291454793e-05
2.518306451612903345e+02 2.085297113752122300e+02 0.000000000000000000e+00
2.518024547255234893e+02 2.084143675721562090e+02 5.659309564233163834e-04
2.518517614601018693e+02 2.084454230333899147e+02 8.135257498585172402e-04
2.520257852292020289e+02 2.081736346915676279e+02 2.475947934352009110e-04
2.520398981324278509e+02 2.081877475947934215e+02 2.475947934352009110e-04
2.520642685342388347e+02 2.082483375778155050e+02 3.183361629881154725e-04
2.520876485568760472e+02 2.082773769100169829e+02 7.074136955291453980e-04
2.520369623655913927e+02 2.082493279569892479e+02 8.488964346349745210e-04
2.520603070175438631e+02 2.082630517826825098e+02 3.890775325410299797e-04
2.520375636672326038e+02 2.082009762308998404e+02 4.598189020939445412e-04
2.519741794001131723e+02 2.081330645161290249e+02 4.951895868704018220e-04
2.520253607809847267e+02 2.081842458970005794e+02 1.025749858517260816e-03
2.520050226372382554e+02 2.081480616864742501e+02 9.550084889643463632e-04
2.520403933220147223e+02 2.081873938879456603e+02 1.025749858517260816e-03
2.520277306168647442e+02 2.082166100735710188e+02 1.202603282399547328e-03
2.520670274476513839e+02 2.082508135257498623e+02 1.520939445387662747e-03
2.520725806451612812e+02 2.082873514431239528e+02 1.520939445387662747e-03
2.521013723825693376e+02 2.083161431805319808e+02 1.627051499717034480e-03
2.520918222976796699e+02 2.083459252971137516e+02 2.263723825693265534e-03
2.521005942275042457e+02 2.083773344651952470e+02 2.334465195246179878e-03
2.521213921901527897e+02 2.082898981324278509e+02 1.450198075834748185e-03
2.518793859649122737e+02 2.080014855687606143e+02 4.951895868704018220e-04
2.516997736276174180e+02 2.075570175438596436e+02 0.000000000000000000e+00
2.517778720996038544e+02 2.073334748160724530e+02 0.000000000000000000e+00
2.517844510469722650e+02 2.072195104697227066e+02 0.000000000000000000e+00
2.517287775891341255e+02 2.070523486134691495e+02 3.537068477645727397e-05
2.517331281833616288e+02 2.069395514997170267e+02 0.000000000000000000e+00
2.518587648556876104e+02 2.067339770797962615e+02 0.000000000000000000e+00
2.518628324844368933e+02 2.066955998868137954e+02 0.000000000000000000e+00
2.519128466327107958e+02 2.065997453310696130e+02 2.475947934352009110e-04
2.518901740237691058e+02 2.065201966610073612e+02 2.475947934352009110e-04
2.518477999434068977e+02 2.063800580079230258e+02 1.768534238822863495e-04
2.518679258630447180e+02 2.063820741369552820e+02 3.537068477645726990e-04
2.518968590831918561e+02 2.063513016411997683e+02 3.537068477645726990e-04
2.519110427277872191e+02 2.063598259762308942e+02 3.537068477645727397e-05
2.519253678551216638e+02 2.063803763440860166e+02 7.074136955291454793e-05
2.519737549518958701e+02 2.064223967176004635e+02 7.074136955291453980e-04
2.520162351443123896e+02 2.065116015846066659e+02 3.183361629881154725e-04
2.520680885681946677e+02 2.065580786644029558e+02 8.135257498585172402e-04
2.521685413129598317e+02 2.067251697792869152e+02 1.237973967176004501e-03
2.521890209394453848e+02 2.067882357102433559e+02 1.202603282399547328e-03
2.522006932654216200e+02 2.067999080362195912e+02 1.237973967176004501e-03
2.521188808715336620e+02 2.069377122241086511e+02 1.131861912846632767e-03
2.521908602150537604e+02 2.070044920769666135e+02 1.697792869269949042e-03
2.522231182795698885e+02 2.070863752122241124e+02 1.485568760611205357e-03
2.522564728353140993e+02 2.071393958687040140e+02 1.733163554046406431e-03
2.522573217317487320e+02 2.072419001131862046e+02 2.192982456140350755e-03
2.522973259762308942e+02 2.072736276174306624e+02 2.157611771363893583e-03
2.523179117147707871e+02 2.072883418222976672e+02 2.688172043010752903e-03
2.522995897000566003e+02 2.074018463497453411e+02 1.874646293152235337e-03
2.523619482173174902e+02 2.075010964912280826e+02 4.173740803621958477e-03
2.523782187323146502e+02 2.075410653650254744e+02 4.810413129598189313e-03
2.521778084323712505e+02 2.073487549518958701e+02 2.617430673457838124e-03
2.519787422184493551e+02 2.069850735710243441e+02 3.890775325410299797e-04
2.518702603282399650e+02 2.067269029428409794e+02 3.890775325410299797e-04
2.518393463497453411e+02 2.066128324844368933e+02 7.074136955291453980e-04
2.517977504244482247e+02 2.065474674589700044e+02 7.074136955291453980e-04
2.517459677419354875e+02 2.064503041878890883e+02 2.475947934352009110e-04
2.516987832484437035e+02 2.063843378607809882e+02 2.829654782116581917e-04
2.517547043010752645e+02 2.063834535936615850e+02 1.768534238822863495e-04
2.518234649122807127e+02 2.065052702320317053e+02 7.074136955291454793e-05
2.519402589134125776e+02 2.066135752688172147e+02 1.414827391058290959e-04
2.519912280701754526e+02 2.066628466327107958e+02 2.122241086587436302e-04
2.519712790039615129e+02 2.071663837011884652e+02 8.488964346349745210e-04
2.520194892473118387e+02 2.072213851160158526e+02 0.000000000000000000e+00
2.520403225806451530e+02 2.072456140350877263e+02 0.000000000000000000e+00
2.521303763440860166e+02 2.073447226938313577e+02 0.000000000000000000e+00
2.521865096208262571e+02 2.074234932088285177e+02 0.000000000000000000e+00
2.522222340124504854e+02 2.075412775891341255e+02 2.475947934352009110e-04
2.522377263723825820e+02 2.075873302207130848e+02 2.475947934352009110e-04
2.522281409168081439e+02 2.076203310696095059e+02 7.427843803056026787e-04
2.522427843803056078e+02 2.077385398981324158e+02 9.196378041878890824e-04
2.522749363327673962e+02 2.078204937747594840e+02 9.196378041878890824e-04
2.522712931522354154e+02 2.080050226372382554e+02 6.720430107526882257e-04
2.522506366723259816e+02 2.082288483305036664e+02 3.890775325410299797e-04
2.522371250707413708e+02 2.083749292586304591e+02 5.659309564233163834e-04
2.521274759479343572e+02 2.088232173174872628e+02 9.550084889643463632e-04
2.521750141482739025e+02 2.089421335597057237e+02 8.842671194114318017e-04
2.521925580079230258e+02 2.091835031126202580e+02 1.414827391058290959e-04
2.521950339558573830e+02 2.093227928692699606e+02 9.903791737408036439e-04
2.522227999434068977e+02 2.095080291454442545e+02 1.131861912846632767e-03
2.522811262026032750e+02 2.096127617430673524e+02 2.935766836445953543e-03
2.522635823429541517e+02 2.098428126768534128e+02 2.369835880022637051e-03
2.522649971703452252e+02 2.098442275042444862e+02 2.334465195246179878e-03
2.521529782116581657e+02 2.096962719298245474e+02 2.900396151669496370e-03
2.520721915676287495e+02 2.095880376344086073e+02 1.910016977928692726e-03
2.520467246745897114e+02 2.095455928126768583e+02 1.839275608375778165e-03
2.521072085455574552e+02 2.095102221279003913e+02 8.842671194114318017e-04
2.521241864742501377e+02 2.095365379173740905e+02 8.488964346349745210e-04
2.521528367289190840e+02 2.095694326542161718e+02 1.096491228070175378e-03
2.521904357668364582e+02 2.096085172608941605e+02 8.488964346349745210e-04
2.522474886813808723e+02 2.097118350311262134e+02 2.865025466893039198e-03
2.522636530843237210e+02 2.097954159592529777e+02 1.520939445387662747e-03
2.521944680249009707e+02 2.098861771363893638e+02 2.228353140916808361e-03
2.522063525749858570e+02 2.099944114318053323e+02 1.167232597623089939e-03
2.522495048104131286e+02 2.101388299377476017e+02 1.344086021505376451e-03
2.522327391058290971e+02 2.104361559139784958e+02 1.803904923599320776e-03
2.522820104697227066e+02 2.105590336728918999e+02 2.829654782116581592e-03
2.521837860780984784e+02 2.108532823995472540e+02 2.900396151669496370e-03
2.522166100735710188e+02 2.110070741369552820e+02 1.803904923599320776e-03
2.520066496887379799e+02 2.106719015280135920e+02 1.556310130164119919e-03
2.520161644029428487e+02 2.106085526315789593e+02 1.627051499717034480e-03
2.520018392756083756e+02 2.105817770232031592e+02 9.903791737408036439e-04
2.520131225240520791e+02 2.105913624787775973e+02 2.016129032258064460e-03
2.520861629881154613e+02 2.106614318053197508e+02 1.061120543293718205e-03
2.521467883418222868e+02 2.107322439162422256e+02 1.273344651952461890e-03
2.521861205432937254e+02 2.107877051499717140e+02 1.308715336728919062e-03
2.522007993774759598e+02 2.108069114318053323e+02 1.237973967176004501e-03
2.521911078098472103e+02 2.109005022637238369e+02 1.025749858517260816e-03
2.522613186191284740e+02 2.109840124504810319e+02 1.131861912846632767e-03
2.522897566496887407e+02 2.110509337860781045e+02 1.131861912846632767e-03
2.520209748160724530e+02 2.104485356536502536e+02 5.305602716468591027e-04
2.520164119977362702e+02 2.104443972835314014e+02 5.659309564233163834e-04
2.519586516694963336e+02 2.101442770232031592e+02 1.061120543293718151e-04
2.518891836445953629e+02 2.098294779286927110e+02 3.537068477645727397e-05
2.519030135823429646e+02 2.093493916242218518e+02 0.000000000000000000e+00
2.518866369552914648e+02 2.091643675721562090e+02 0.000000000000000000e+00
2.518725240520656428e+02 2.091126202603282422e+02 0.000000000000000000e+00
2.518288412563667293e+02 2.089233517260894075e+02 0.000000000000000000e+00
2.518043293718166353e+02 2.088750707413695409e+02 0.000000000000000000e+00
2.517696307300509204e+02 2.087274688737973918e+02 5.659309564233163834e-04
2.517801004527447617e+02 2.087341185625353717e+02 6.720430107526882257e-04
2.518046477079796261e+02 2.084605616864742501e+02 8.842671194114318017e-04
2.519521080928126651e+02 2.078662280701754526e+02 0.000000000000000000e+00
2.519709252971137516e+02 2.079031550650820463e+02 0.000000000000000000e+00
2.519925721561969567e+02 2.079477221279003913e+02 0.000000000000000000e+00
2.520246887379739746e+02 2.079763016411997683e+02 0.000000000000000000e+00
2.520461941143180411e+02 2.079928551216751487e+02 7.074136955291454793e-05
2.520632781550650918e+02 2.080099391624221710e+02 1.061120543293718151e-04
2.520942275042444862e+02 2.080680531975098972e+02 1.768534238822863495e-04
2.521362832484437035e+02 2.081140704584040861e+02 3.890775325410299797e-04
2.521189516129032313e+02 2.081015492359932182e+02 1.768534238822863495e-04
2.521002051499717140e+02 2.081095430107527022e+02 2.122241086587436302e-04
2.521045911148839878e+02 2.081652872099603826e+02 1.768534238822863495e-04
2.521275466893038981e+02 2.081890916808149541e+02 1.768534238822863495e-04
2.521169354838709751e+02 2.082132852292020289e+02 7.074136955291454793e-05
2.521281126202603389e+02 2.082292727787209969e+02 3.537068477645726990e-04
2.521358234295416025e+02 2.082422184493491670e+02 3.537068477645726990e-04
2.521175367855121578e+02 2.082324207696661063e+02 3.537068477645726990e-04
2.521002051499717140e+02 2.082124009620826257e+02 5.305602716468591027e-04
2.519551853423882335e+02 2.079989035087719174e+02 2.475947934352009110e-04
2.517298033389926388e+02 2.074124575551782641e+02 0.000000000000000000e+00
2.517833545557442108e+02 2.065755164119977394e+02 0.000000000000000000e+00
2.517720005659309663e+02 2.063326966610073612e+02 0.000000000000000000e+00
2.517580998868137954e+02 2.062667303338992610e+02 0.000000000000000000e+00
2.518185483870967687e+02 2.062147000565931023e+02 1.768534238822863495e-04
2.518404782116581657e+02 2.061324985851726126e+02 2.122241086587436302e-04
2.518955857385398929e+02 2.061010186757215479e+02 4.951895868704018220e-04
2.519592529711375164e+02 2.059601018675721491e+02 2.086870401810979238e-03
2.519480050933786117e+02 2.059622948500282860e+02 2.582059988681380952e-03
2.518467741935483843e+02 2.058060271646859007e+02 3.643180531975099157e-03
2.518406550650820463e+02 2.057641129032257936e+02 2.369835880022637051e-03
2.518409380305602667e+02 2.056404569892472978e+02 2.440577249575551829e-03
2.518566426146010144e+02 2.056049448217317490e+02 4.527447651386531068e-03
2.519475806451612812e+02 2.056670911148839878e+02 4.138370118845500871e-03
2.519433007923033472e+02 2.057165393322014779e+02 3.077249575551782666e-03
2.519905913978494709e+02 2.058004385964912331e+02 3.395585738539898084e-03
2.520190294284097376e+02 2.058416100735710188e+02 3.466327108092812862e-03
2.520419850028296480e+02 2.058941355404640774e+02 3.572439162422184379e-03
2.520530206564799016e+02 2.058751768534238806e+02 3.466327108092812862e-03
2.520523132427843791e+02 2.059017756083757718e+02 3.537068477645727207e-03
2.520243704018109838e+02 2.058434139784946240e+02 1.308715336728919062e-03
2.520100806451612812e+02 2.057874575551782641e+02 1.414827391058290796e-03
2.520061898698358789e+02 2.058095642331635418e+02 1.237973967176004501e-03
2.520486700622523983e+02 2.059082484436898710e+02 1.414827391058290959e-04
2.521091539332201421e+02 2.059416737408036226e+02 4.244482173174872605e-04
2.521007003395585855e+02 2.059717034521788435e+02 6.013016411997736642e-04
2.519801924165251705e+02 2.058180531975098972e+02 3.537068477645726990e-04
2.517250282965478334e+02 2.053015704584040861e+02 2.475947934352009110e-04
2.515465478211658308e+02 2.047044425580079121e+02 7.074136955291454793e-05
2.515986488398415304e+02 2.045559210526315894e+02 7.074136955291454793e-05
2.515599179400113314e+02 2.044946943972835243e+02 1.414827391058290959e-04
2.515620048104131286e+02 2.044921123372948557e+02 1.414827391058290959e-04
2.515689020939445300e+02 2.044757710809281264e+02 7.074136955291454793e-05
2.515730758347481526e+02 2.043175226372382554e+02 0.000000000000000000e+00
2.515814233163553979e+02 2.042995189586870310e+02 0.000000000000000000e+00
2.516673387096774093e+02 2.044397637238257062e+02 3.537068477645727397e-05
2.517262308998302274e+02 2.045131578947368496e+02 7.074136955291454793e-05
2.517767402376910013e+02 2.046018675721562090e+02 1.131861912846632767e-03
2.518222623089982903e+02 2.047332696661007390e+02 1.131861912846632767e-03
2.518865308432371251e+02 2.048575268817204176e+02 4.598189020939445412e-04
2.519560696095076366e+02 2.050012026032823940e+02 4.951895868704018220e-04
2.519707838143746415e+02 2.050013440860215042e+02 5.659309564233163834e-04
2.516928763440860166e+02 2.046826895868703957e+02 1.768534238822863603e-03
2.516794354838709751e+02 2.046658531409167949e+02 1.627051499717034480e-03
2.515877192982456165e+02 2.045735710243350240e+02 0.000000000000000000e+00
2.515419142614601071e+02 2.044853211658177656e+02 0.000000000000000000e+00
2.515291808149405881e+02 2.044278791737407914e+02 0.000000000000000000e+00
2.515576188455008548e+02 2.044169850028296480e+02 0.000000000000000000e+00
2.515670274476513839e+02 2.044065860215053760e+02 0.000000000000000000e+00
2.516327108092812637e+02 2.044777872099603826e+02 3.537068477645727397e-05
2.517352504244482247e+02 2.045644807583474858e+02 7.074136955291453980e-04
2.517801358234295321e+02 2.046638016411997683e+02 1.167232597623089939e-03
2.517871038483305028e+02 2.047013299377476017e+02 1.273344651952461890e-03
2.517026386530843354e+02 2.045983305036785396e+02 1.520939445387662747e-03
2.515608022071307346e+02 2.042486205432937254e+02 9.903791737408036439e-04
2.514666808149405881e+02 2.039495614035087669e+02 3.183361629881154725e-04
2.514502334465195190e+02 2.039097693831352558e+02 3.183361629881154725e-04
2.514955786644029558e+02 2.040041383701188522e+02 3.537068477645726990e-04
2.515073217317487320e+02 2.040255730050933778e+02 3.537068477645726990e-04
2.518595783814374727e+02 2.057039473684210407e+02 7.427843803056026787e-04
2.519035441426146065e+02 2.057524405772495868e+02 0.000000000000000000e+00
2.520484578381437473e+02 2.061158036219581220e+02 2.122241086587436411e-03
2.520978353140916681e+02 2.063389219015280105e+02 7.215619694397283103e-03
2.522243562535370813e+02 2.064971349745331111e+02 6.614318053197509872e-03
2.521584960384832925e+02 2.066749080362195912e+02 2.440577249575551829e-03
2.522024971703452252e+02 2.069400466893038981e+02 6.437464629315223577e-03
2.522290605546123459e+02 2.070052348613469064e+02 6.578947368421052266e-03
2.521943972835314014e+02 2.071979343520090424e+02 6.189869835880022937e-03
2.521233375778155050e+02 2.073109436898698448e+02 6.225240520656479676e-03
2.521740945104697289e+02 2.073925438596491233e+02 6.437464629315223577e-03
2.521346561969439790e+02 2.075446731748726563e+02 6.189869835880022937e-03
2.521249292586304591e+02 2.075875778155065063e+02 6.295981890209394020e-03
2.521299518958687145e+02 2.076501485568760472e+02 6.578947368421052266e-03
2.521623514431239528e+02 2.077080149971703520e+02 6.968024900962082463e-03
2.521435342388228662e+02 2.077987408036219676e+02 3.678551216751556330e-03
2.521955645161290249e+02 2.078182654216185767e+02 4.315223542727787166e-03
2.522023910582908854e+02 2.078891482739105925e+02 4.916525183927561264e-03
2.521711233729485002e+02 2.079314516129032313e+02 5.340973401245048199e-03
2.522131437464629187e+02 2.079738964346349803e+02 6.331352574985851626e-03
2.520309493491793944e+02 2.076795062252405160e+02 5.800792303338992741e-03
2.518524335031126213e+02 2.072587719298245474e+02 1.379456706281833624e-03
2.517788271080928268e+02 2.067931168647425011e+02 5.305602716468591027e-04
2.517611771363893638e+02 2.066865449915110275e+02 2.299094510469722706e-03
2.517493279569892479e+02 2.066543930390492392e+02 6.154499151103565331e-03
2.517905701754386030e+02 2.066052277872099694e+02 5.871533672891907085e-03
2.518468095642331548e+02 2.065386601584606581e+02 6.083757781550650987e-03
2.518963638936049847e+02 2.066076329937747573e+02 6.437464629315223577e-03
2.519336445953593682e+02 2.066677277872099694e+02 6.720430107526881823e-03
2.519442558007922912e+02 2.066752263723825820e+02 4.881154499151103658e-03
2.519174801924165195e+02 2.066718661573287932e+02 4.881154499151103658e-03
2.519624009620826257e+02 2.066615732880588610e+02 6.755800792303338562e-03
2.519634620826259095e+02 2.066427207130730039e+02 5.730050933786078396e-03
2.520365732880588610e+02 2.067216327108092742e+02 6.649688737973967478e-03
2.520104697226938413e+02 2.066818053197509926e+02 5.588568194680248839e-03
2.519923599320882772e+02 2.066561969439728443e+02 6.755800792303338562e-03
2.519412139219015216e+02 2.065525608375778290e+02 3.395585738539898084e-03
2.518902093944538763e+02 2.063351726089417184e+02 1.202603282399547328e-03
2.517777659875495146e+02 2.061020444255800896e+02 8.135257498585172402e-04
2.517128254102999563e+02 2.059369340690435877e+02 2.582059988681380952e-03
2.516343378607809882e+02 2.058389219015280105e+02 2.192982456140350755e-03
2.516090478211658308e+02 2.056830432937181570e+02 1.202603282399547328e-03
2.516209677419354875e+02 2.056655348047538325e+02 1.202603282399547328e-03
2.518776174306734674e+02 2.054288341822297639e+02 0.000000000000000000e+00
2.518479414261460079e+02 2.053951966610073612e+02 0.000000000000000000e+00
2.516708757781550787e+02 2.051492289190718736e+02 0.000000000000000000e+00
2.516362125070741342e+02 2.049160653650254744e+02 0.000000000000000000e+00
2.516544637804187801e+02 2.048457484436898710e+02 0.000000000000000000e+00
2.516372382569326476e+02 2.048254102999433997e+02 0.000000000000000000e+00
2.516743421052631504e+02 2.048367642897566441e+02 0.000000000000000000e+00
2.516887733446519633e+02 2.048122877758913489e+02 0.000000000000000000e+00
2.517308290888511522e+02 2.048288766270514998e+02 0.000000000000000000e+00
2.519210526315789593e+02 2.050479980192416463e+02 2.475947934352009110e-04
2.519863469156762790e+02 2.051999858517260975e+02 5.305602716468591027e-04
2.520265280135823502e+02 2.053547679683078684e+02 5.305602716468591027e-04
2.520780277306168671e+02 2.054396576117713664e+02 6.366723259762309449e-04
2.521453027730616725e+02 2.056495472552348645e+02 3.183361629881154725e-04
2.522017897566497027e+02 2.057445175438596436e+02 6.366723259762309449e-04
2.522025679117147661e+02 2.059128112620260254e+02 6.013016411997736642e-04
2.522153720996038544e+02 2.060191355404640774e+02 4.244482173174872605e-04
2.522785795132993769e+02 2.060823429541595999e+02 3.537068477645726990e-04
2.522341185625353717e+02 2.061518463497453411e+02 1.096491228070175378e-03
2.522869269949066222e+02 2.062352504244482247e+02 1.733163554046406431e-03
2.522431380871533690e+02 2.063332272212790031e+02 2.511318619128466174e-03
2.522432795698924792e+02 2.064031550650820463e+02 1.945387662705149899e-03
2.523100240520656428e+02 2.064948005093378640e+02 4.881154499151103658e-03
2.522960172608941605e+02 2.065654003961516594e+02 4.916525183927561264e-03
2.522663412563667293e+02 2.065808927560837560e+02 5.977645727221279036e-03
2.522947792869269961e+02 2.066025396151669611e+02 6.826542161856253774e-03
2.522380447085455444e+02 2.065952886247877700e+02 5.800792303338992741e-03
2.520907965478211565e+02 2.063877688172042895e+02 5.340973401245048199e-03
2.518013228636106362e+02 2.059695458404074770e+02 5.659309564233163834e-04
2.515949349179400087e+02 2.055488115449915085e+02 5.659309564233163834e-04
2.515189233163553979e+02 2.051563030560271557e+02 0.000000000000000000e+00
2.516041666666666572e+02 2.049902730616864801e+02 0.000000000000000000e+00
2.515643392756083756e+02 2.046479555744199104e+02 0.000000000000000000e+00
2.515068265421618605e+02 2.044435837577815391e+02 7.781550650820599595e-04
2.515341680814940446e+02 2.044402235427277787e+02 8.488964346349745210e-04
2.515933078664402842e+02 2.045788766270514998e+02 6.720430107526882257e-04
2.519096986417657149e+02 2.050888157894736707e+02 3.183361629881154725e-04
2.520598118279569917e+02 2.054262521222410953e+02 5.659309564233163834e-04
2.521173245614035068e+02 2.055426216751556296e+02 7.781550650820599595e-04
2.521772071307300394e+02 2.056460809281267643e+02 1.167232597623089939e-03
2.522289544425580061e+02 2.057066001697792785e+02 6.720430107526882257e-04
2.522081918505942326e+02 2.057101726089417184e+02 8.488964346349745210e-04
2.521557017543859729e+02 2.057834606677985221e+02 9.903791737408036439e-04
2.522031338426712068e+02 2.058308927560837560e+02 1.273344651952461890e-03
2.521980758347481526e+02 2.058850452744765107e+02 1.450198075834748185e-03
2.522140633842671207e+02 2.059898839841539200e+02 1.379456706281833624e-03
2.522363822863610778e+02 2.062227999434068977e+02 1.450198075834748185e-03
2.522817982456140271e+02 2.064301428975664976e+02 1.450198075834748185e-03
2.522051146010186642e+02 2.069974886813808723e+02 1.237973967176004501e-03
2.522135681946802492e+02 2.072461799660441386e+02 1.131861912846632767e-03
2.522792161856253585e+02 2.075556027164685986e+02 1.910016977928692726e-03
2.522216680814940446e+02 2.079171972269383275e+02 9.903791737408036439e-04
2.522030984719864080e+02 2.081927702320317053e+02 1.768534238822863495e-04
2.522697722127900306e+02 2.083115096208262571e+02 1.025749858517260816e-03
2.521728565365025361e+02 2.082554824561403564e+02 1.167232597623089939e-03
2.520720500848896393e+02 2.081681876061120420e+02 0.000000000000000000e+00
2.520575834748160844e+02 2.081003820033955947e+02 0.000000000000000000e+00
2.521445599886813795e+02 2.081653225806451530e+02 0.000000000000000000e+00
2.521421547821165916e+02 2.082386106395019851e+02 3.537068477645727397e-05
2.521790110356536445e+02 2.082544920769666135e+02 0.000000000000000000e+00
2.520504385964912331e+02 2.084672467458970004e+02 0.000000000000000000e+00
2.520507215619694534e+02 2.084743208828522825e+02 0.000000000000000000e+00
2.521304824561403564e+02 2.085567699490662221e+02 4.244482173174872605e-04
2.521839629315223590e+02 2.086097552348613533e+02 4.951895868704018220e-04
2.522675084889643529e+02 2.087532187323146502e+02 4.951895868704018220e-04
2.522173174872665413e+02 2.088742218449349082e+02 0.000000000000000000e+00
2.522685696095076366e+02 2.089551499717034631e+02 3.890775325410299797e-04
2.522536785512167512e+02 2.091761813808715260e+02 2.688172043010752903e-03
2.522334465195246196e+02 2.095543293718166353e+02 2.829654782116581592e-03
2.522718237125070857e+02 2.096688950198075929e+02 2.758913412563667247e-03
2.522793930390492392e+02 2.098491794001131723e+02 5.022637238256932347e-03
2.522390350877192873e+02 2.100356536502546589e+02 6.578947368421052266e-03
2.522185200905489637e+02 2.101216044142614692e+02 4.633559705715903018e-03
2.522834606677985221e+02 2.102783672891907258e+02 8.099886813808715447e-03
2.523442628749292567e+02 2.103643534238822781e+02 8.701188455008489545e-03
2.523192911714770901e+02 2.104149335031126213e+02 9.267119411431806036e-03
2.522714700056592960e+02 2.104569538766270398e+02 7.357102433503112660e-03
2.523429895302772934e+02 2.105423387096774093e+02 9.125636672325975612e-03
2.523024547255234893e+02 2.106405984719864080e+02 3.466327108092812862e-03
2.522729909451047092e+02 2.106944680249009707e+02 2.865025466893039198e-03
2.521977574985851618e+02 2.106247524052065785e+02 2.688172043010752903e-03
2.520718024900962178e+02 2.104298953027730477e+02 1.768534238822863603e-03
2.519112903225806406e+02 2.101990662139218955e+02 1.697792869269949042e-03
2.518695882852292129e+02 2.101323217317487320e+02 5.659309564233163834e-04
2.518872736276174180e+02 2.101176075268817272e+02 8.135257498585172402e-04
2.519095925297113752e+02 2.100691850594227503e+02 1.096491228070175378e-03
2.519436191284663380e+02 2.100442133559705837e+02 1.131861912846632767e-03
2.519471915676287495e+02 2.100534451046972322e+02 1.131861912846632767e-03
2.519512591963780324e+02 2.100504385964912331e+02 7.074136955291453980e-04
2.519495260328239965e+02 2.100593166383701202e+02 7.074136955291453980e-04
2.519171972269383275e+02 2.099730829088851181e+02 6.366723259762309449e-04
2.519125990379173743e+02 2.099031196943972759e+02 7.074136955291453980e-04
2.518891482739105925e+02 2.098386389360497901e+02 7.074136955291453980e-04
2.518722764572722213e+02 2.098110144312393857e+02 1.591680814940577308e-03
2.519407187323146502e+02 2.098545557441992173e+02 1.980758347481607288e-03
2.519768322014714101e+02 2.097938950198075929e+02 1.414827391058290959e-04
2.519904499151103607e+02 2.098005800792303432e+02 1.414827391058290959e-04
2.519990449915110275e+02 2.098250212224108679e+02 1.768534238822863495e-04
2.519973471986417621e+02 2.098896788341822344e+02 3.183361629881154725e-04
2.520079230333899147e+02 2.099021293152235330e+02 5.659309564233163834e-04
2.519952956989247355e+02 2.098788907753254023e+02 9.903791737408036439e-04
2.520276598754952033e+02 2.098878041878890883e+02 9.550084889643463632e-04
2.520441072439162440e+02 2.099242006225240402e+02 1.025749858517260816e-03
2.520981890209394578e+02 2.099634267119411390e+02 8.842671194114318017e-04
2.521110993208828575e+02 2.100015209394453848e+02 9.903791737408036439e-04
2.520797608941709029e+02 2.099702178834182291e+02 1.167232597623089939e-03
2.519216539332201421e+02 2.096330291454442545e+02 3.537068477645726990e-04
2.518191496887379799e+02 2.091454088851160122e+02 1.061120543293718151e-04
2.518037280701754526e+02 2.088526810979060429e+02 3.537068477645727397e-05
2.518313879456706275e+02 2.088045415959252864e+02 3.537068477645727397e-05
2.518949136955291408e+02 2.084964983022071294e+02 0.000000000000000000e+00
2.519116086587436314e+02 2.082896505376344010e+02 0.000000000000000000e+00
2.518995472552348645e+02 2.081993491794001159e+02 0.000000000000000000e+00
2.518554046406338500e+02 2.079762308998302274e+02 5.659309564233163834e-04
2.518420345217883494e+02 2.078874504810413271e+02 7.074136955291454793e-05
2.518478353140916681e+02 2.076811686474250109e+02 7.074136955291453980e-04
2.518712860780984784e+02 2.076519878324844228e+02 7.781550650820599595e-04
2.518765209394453848e+02 2.076372736276174180e+02 8.488964346349745210e-04
2.518887238256932619e+02 2.076409875495189681e+02 2.228353140916808361e-03
2.519731890209394578e+02 2.076954584040747136e+02 2.228353140916808361e-03
2.518943123938879580e+02 2.076720430107527022e+02 0.000000000000000000e+00
2.519225382003395453e+02 2.076971561969439790e+02 0.000000000000000000e+00
2.519331140350877263e+02 2.077107031692133603e+02 0.000000000000000000e+00
2.519536644029428487e+02 2.077867147707979711e+02 0.000000000000000000e+00
2.519854626485568758e+02 2.078213426711941167e+02 0.000000000000000000e+00
2.520384125636672366e+02 2.078816496887379799e+02 5.305602716468591027e-04
2.520778155065082160e+02 2.079578381437464714e+02 6.366723259762309449e-04
2.521043081494057674e+02 2.079768322014714101e+02 2.122241086587436302e-04
2.521073853989813358e+02 2.079782116581777132e+02 0.000000000000000000e+00
2.521481677985285899e+02 2.080178621958121141e+02 0.000000000000000000e+00
2.521673033389926388e+02 2.081207555178268365e+02 0.000000000000000000e+00
2.521717600452744819e+02 2.081114883984153892e+02 3.537068477645727397e-05
2.521391836445953629e+02 2.080446731748726563e+02 1.061120543293718151e-04
2.519161361063950153e+02 2.075861983588002317e+02 0.000000000000000000e+00
2.518119694397283581e+02 2.068145161290322562e+02 0.000000000000000000e+00
2.517518392756083756e+02 2.066124787775891321e+02 0.000000000000000000e+00
2.517969722693831329e+02 2.065824844368987101e+02 1.061120543293718151e-04
2.518324136955291408e+02 2.065125212224108679e+02 7.074136955291454793e-05
2.518609224674589768e+02 2.064799094510469786e+02 7.074136955291454793e-05
2.518201046972269523e+02 2.063281692133559773e+02 1.768534238822863495e-04
2.518144453876627153e+02 2.063208121109224749e+02 7.074136955291454793e-05
2.518323429541595999e+02 2.062346137521222431e+02 2.122241086587436302e-04
2.518654499151103607e+02 2.062366298811544993e+02 4.598189020939445412e-04
2.518365520656479930e+02 2.061014077532541080e+02 9.903791737408036439e-04
2.518537422184493551e+02 2.061095430107527022e+02 9.196378041878890824e-04
2.519077178834182291e+02 2.060876131861912768e+02 9.550084889643463632e-04
2.520006013016412112e+02 2.061543576683644687e+02 8.842671194114318017e-04
2.520900537634408636e+02 2.062271151669496305e+02 9.196378041878890824e-04
2.521056876061120420e+02 2.063008276740237648e+02 4.951895868704018220e-04
2.521164049235993332e+02 2.063149052065647879e+02 6.013016411997736642e-04
2.521246109224674683e+02 2.063276386530843354e+02 6.720430107526882257e-04
2.522078381437464714e+02 2.065091610073571076e+02 8.488964346349745210e-04
2.522334111488398491e+02 2.065653296547821185e+02 1.061120543293718205e-03
2.522380447085455444e+02 2.066590619694397333e+02 2.086870401810979238e-03
2.522101726089417184e+02 2.067676146010186642e+02 2.475947934352009001e-03
2.521883135257498623e+02 2.068521505376344010e+02 2.157611771363893583e-03
2.521726089417091146e+02 2.069936686474250109e+02 2.086870401810979238e-03
2.521904711375212287e+02 2.070801853423882335e+02 2.900396151669496370e-03
2.522806310130164036e+02 2.072230475382003476e+02 4.598189020939445412e-03
2.522156196943972759e+02 2.072281762874929143e+02 4.315223542727787166e-03
2.520799023769100131e+02 2.070214700056592960e+02 3.395585738539898084e-03
2.518745048104131286e+02 2.067137804187889003e+02 1.910016977928692726e-03
2.518282399547255181e+02 2.066018675721562090e+02 1.096491228070175378e-03
2.518878749292586292e+02 2.066671618562535286e+02 1.273344651952461890e-03
2.518868138087153454e+02 2.066665251839275470e+02 1.733163554046406431e-03
2.518583757781550787e+02 2.066747311827957105e+02 1.414827391058290796e-03
2.519402235427277787e+02 2.067294142614601071e+02 1.414827391058290796e-03
2.519631791171477175e+02 2.067606465761177219e+02 1.202603282399547328e-03
2.519544071873231417e+02 2.067658814374646283e+02 1.061120543293718205e-03
2.519615874363327634e+02 2.067736276174306624e+02 6.720430107526882257e-04
2.519678834182229821e+02 2.066958828522920157e+02 1.697792869269949042e-03
2.519604555744199104e+02 2.066971915676287495e+02 2.334465195246179878e-03
2.519765492359932182e+02 2.067085455574419939e+02 1.839275608375778165e-03
2.520446378041878859e+02 2.067729909451047092e+02 2.228353140916808361e-03
2.521006295981890162e+02 2.068669001131862046e+02 2.405206564799094657e-03
2.521442770232031592e+02 2.069265350877192873e+02 2.617430673457838124e-03
2.521713002263723808e+02 2.069552560837577744e+02 2.475947934352009001e-03
2.521845288624787713e+02 2.069693336162987976e+02 2.405206564799094657e-03
2.521917798528579624e+02 2.070711658177702361e+02 3.006508205998868321e-03
2.522330220713072890e+02 2.071012308998302274e+02 3.430956423316355256e-03
2.519740732880588610e+02 2.076789402942841036e+02 0.000000000000000000e+00
2.520083474816072453e+02 2.077166100735710188e+02 0.000000000000000000e+00
2.520429753820033909e+02 2.077518039049236052e+02 0.000000000000000000e+00
2.520858800226372409e+02 2.078051782682512680e+02 3.537068477645727397e-05
2.521834677419354875e+02 2.079068689869835964e+02 7.074136955291454793e-05
2.521490520656479930e+02 2.079182937181663817e+02 3.890775325410299797e-04
2.521311898698358789e+02 2.078789261460101727e+02 5.305602716468591027e-04
2.517816213921901465e+02 2.074188596491227941e+02 0.000000000000000000e+00
2.517916666666666572e+02 2.069961092246745977e+02 0.000000000000000000e+00
2.517139219015280105e+02 2.068487549518958701e+02 0.000000000000000000e+00
2.517334111488398491e+02 2.068263653084323721e+02 0.000000000000000000e+00
2.516889148273910450e+02 2.067201825127334587e+02 0.000000000000000000e+00
2.517917374080362265e+02 2.066042727787209969e+02 0.000000000000000000e+00
2.518511601584606581e+02 2.066303056027164757e+02 3.537068477645727397e-05
2.518985215053763511e+02 2.065558503112620201e+02 1.414827391058290959e-04
2.519035795132993769e+02 2.065339558573853935e+02 2.475947934352009110e-04
2.518878749292586292e+02 2.063996887379739746e+02 3.289473684210526133e-03
2.518994765138652951e+02 2.063052490096208373e+02 3.041878890775325493e-03
2.519127405206564845e+02 2.063377546689303870e+02 3.006508205998868321e-03
2.519155701754386030e+02 2.063496392190152733e+02 2.228353140916808361e-03
2.519712790039615129e+02 2.063996887379739746e+02 2.369835880022637051e-03
2.520001061120543397e+02 2.065132640067911609e+02 2.157611771363893583e-03
2.520365025466892916e+02 2.065711658177702361e+02 2.405206564799094657e-03
2.520153862478777569e+02 2.067127546689303870e+02 7.427843803056026787e-04
2.519834818902093900e+02 2.067608941709111434e+02 1.167232597623089939e-03
2.520530913978494709e+02 2.068656267685342414e+02 1.697792869269949042e-03
2.520833687040181132e+02 2.069247311827957105e+02 2.051499717034521632e-03
2.521240449915110275e+02 2.069918293718166353e+02 2.263723825693265534e-03
2.520947580645161281e+02 2.070191355404640774e+02 1.167232597623089939e-03
2.521656762874929143e+02 2.070631013016412112e+02 1.556310130164119919e-03
2.521542515563101290e+02 2.071248231465761194e+02 1.556310130164119919e-03
2.521220288624787713e+02 2.071377688172042895e+02 1.803904923599320776e-03
2.521264148273910450e+02 2.071930885681946677e+02 1.839275608375778165e-03
2.520776032823995365e+02 2.070633135257498623e+02 8.488964346349745210e-04
2.519806876061120420e+02 2.064744623655913927e+02 0.000000000000000000e+00
2.518830291454442545e+02 2.060846420486700481e+02 0.000000000000000000e+00
2.518662280701754526e+02 2.060067204301075208e+02 0.000000000000000000e+00
2.519324066213922038e+02 2.059193902093944644e+02 7.074136955291454793e-05
2.518842317487266484e+02 2.056395373514431242e+02 7.074136955291454793e-05
2.518407258064516157e+02 2.055998160724391539e+02 9.196378041878890824e-04
2.517891553480475295e+02 2.055434352009054919e+02 9.196378041878890824e-04
2.517340124504810319e+02 2.054974886813808723e+02 2.122241086587436302e-04
2.517497877758913489e+02 2.053771929824561369e+02 3.183361629881154725e-04
2.517589134125636576e+02 2.053046830786643966e+02 1.061120543293718205e-03
2.518015704584040861e+02 2.053360215053763511e+02 1.131861912846632767e-03
2.518335101867572234e+02 2.053534946236559051e+02 1.273344651952461890e-03
2.518472693831352558e+02 2.053695175438596436e+02 1.273344651952461890e-03
2.518694114318053323e+02 2.053826046972269523e+02 1.273344651952461890e-03
2.519256154499151137e+02 2.054304966044142589e+02 8.488964346349745210e-04
2.519561757215619764e+02 2.054618704018109838e+02 1.131861912846632767e-03
2.520418788907753367e+02 2.055380942275042457e+02 1.202603282399547328e-03
2.520360073571024202e+02 2.055788766270514998e+02 1.167232597623089939e-03
2.520646576117713664e+02 2.055988964346349803e+02 7.427843803056026787e-04
2.520826259196377919e+02 2.056269100169779165e+02 7.427843803056026787e-04
2.521791171477079843e+02 2.057279286926994928e+02 1.061120543293718205e-03
2.521837860780984784e+02 2.058180531975098972e+02 1.237973967176004501e-03
2.521905772495755400e+02 2.058537068477645846e+02 1.308715336728919062e-03
2.522497877758913489e+02 2.059057017543859729e+02 2.051499717034521632e-03
2.522133913412563686e+02 2.059359436898698448e+02 1.768534238822863603e-03
2.522385045274476454e+02 2.059776103565365020e+02 1.839275608375778165e-03
2.519687676853423852e+02 2.062970076400679034e+02 0.000000000000000000e+00
2.519489601018675842e+02 2.062805956423316331e+02 0.000000000000000000e+00
2.518766270514997245e+02 2.060213638936049847e+02 0.000000000000000000e+00
2.516511389360497901e+02 2.057003749292586292e+02 4.244482173174872605e-04
2.515806805319751049e+02 2.055846420486700481e+02 3.537068477645727397e-05
2.516617855121675120e+02 2.056397142048670048e+02 1.061120543293718151e-04
2.517041595925297202e+02 2.056506791171477175e+02 1.768534238822863495e-04
2.517277164685908417e+02 2.056312606112054198e+02 1.768534238822863495e-04
2.517271151669496305e+02 2.056057583474816113e+02 2.475947934352009110e-04
2.516998089983022169e+02 2.055829796264855815e+02 3.890775325410299797e-04
2.516673387096774093e+02 2.055235922467458920e+02 7.074136955291453980e-04
2.517018251273344731e+02 2.055518534238822781e+02 4.951895868704018220e-04
2.517368774759479209e+02 2.055856324278437910e+02 4.951895868704018220e-04
2.518071590265987538e+02 2.056445953593661500e+02 3.890775325410299797e-04
2.518037280701754526e+02 2.056480970571590206e+02 3.537068477645726990e-04
2.518658036219581220e+02 2.057101726089417184e+02 3.183361629881154725e-04
2.519208404074702798e+02 2.058124646293152296e+02 7.781550650820599595e-04
2.519389855687606143e+02 2.058714983022071294e+02 7.074136955291453980e-04
2.519785299943407040e+02 2.059348118279569917e+02 9.903791737408036439e-04
2.519950481041312855e+02 2.059824207696661063e+02 1.379456706281833624e-03
2.520084182229767862e+02 2.060705291454442545e+02 8.135257498585172402e-04
2.520738539898132444e+02 2.061599816072439069e+02 8.135257498585172402e-04
2.521438879456706275e+02 2.062533602150537604e+02 1.980758347481607288e-03
2.521520939445387626e+02 2.063933573853989856e+02 1.910016977928692726e-03
2.521408814374646283e+02 2.065138653084323721e+02 3.324844368986983739e-03
2.521919920769666135e+02 2.065906904357668452e+02 1.803904923599320776e-03
2.522197226938313577e+02 2.066524122807017534e+02 1.980758347481607288e-03
2.521931593095642370e+02 2.067186615732880455e+02 2.263723825693265534e-03
2.521937959818902186e+02 2.068662988115449934e+02 1.662422184493491870e-03
2.522068123938879580e+02 2.069042161856253585e+02 9.903791737408036439e-04
2.521943972835314014e+02 2.068708616298811478e+02 1.591680814940577308e-03
2.521327461799660341e+02 2.066966610073571076e+02 1.945387662705149899e-03
2.520237337294850022e+02 2.064259691567628749e+02 2.122241086587436302e-04
2.520023344651952470e+02 2.063912705149971600e+02 2.122241086587436302e-04
2.520233092812676716e+02 2.064150749858517315e+02 4.951895868704018220e-04
2.520653296547821185e+02 2.064568123938879580e+02 4.598189020939445412e-04
2.521254244482173306e+02 2.065303480475382116e+02 3.183361629881154725e-04
2.521765704584040861e+02 2.066185979060554700e+02 3.890775325410299797e-04
2.521982880588568321e+02 2.066422962648557018e+02 5.659309564233163834e-04
2.522295911148839878e+02 2.066703805885682073e+02 7.074136955291453980e-04
2.522256649688737866e+02 2.067393180531975077e+02 7.074136955291453980e-04
2.522466751556310101e+02 2.067734861346915807e+02 1.344086021505376451e-03
2.522860780984719895e+02 2.068393463497453411e+02 1.627051499717034480e-03
2.522845571590266047e+02 2.068821095076400809e+02 1.096491228070175378e-03
2.522879881154499060e+02 2.069302490096208373e+02 1.485568760611205357e-03
2.522657045840407477e+02 2.070829088851160122e+02 1.556310130164119919e-03
2.522284238822863642e+02 2.072431734578381395e+02 1.910016977928692726e-03
2.522484436898698448e+02 2.073108375778155050e+02 2.016129032258064460e-03
2.522838497453310822e+02 2.073834535936615850e+02 2.299094510469722706e-03
2.522876344086021447e+02 2.074458121109224749e+02 2.192982456140350755e-03
2.523073005093378640e+02 2.074991511035653673e+02 2.263723825693265534e-03
2.522578522920203739e+02 2.075638794567062746e+02 1.803904923599320776e-03
2.521982880588568321e+02 2.075606253537068540e+02 1.627051499717034480e-03
2.521592034521788435e+02 2.075940506508206056e+02 2.440577249575551829e-03
2.521831140350877263e+02 2.076198712507074049e+02 2.122241086587436411e-03
2.521919920769666135e+02 2.076977928692699606e+02 2.617430673457838124e-03
2.522290251839275470e+02 2.078287705149971600e+02 3.395585738539898084e-03
2.522181663837012024e+02 2.078196095076400809e+02 2.829654782116581592e-03
2.520815294284097376e+02 2.076119482173174902e+02 2.617430673457838124e-03
2.519459889643463555e+02 2.073927914544425448e+02 1.520939445387662747e-03
2.520932724957555138e+02 2.066548174872665413e+02 0.000000000000000000e+00
2.520731465761177219e+02 2.066618562535370813e+02 0.000000000000000000e+00
2.520536573288058833e+02 2.066655701754386030e+02 3.183361629881154725e-04
2.520269170911148819e+02 2.066343024900962178e+02 3.537068477645727397e-05
2.520301711941143310e+02 2.065878961516694972e+02 7.074136955291454793e-05
2.519926428975664976e+02 2.065335314091680914e+02 8.488964346349745210e-04
2.519634974533107084e+02 2.065083474816072453e+02 8.135257498585172402e-04
2.518638582342954066e+02 2.062543505942275033e+02 1.202603282399547328e-03
2.518500990379173743e+02 2.061803197509903782e+02 1.237973967176004501e-03
2.518552277872099694e+02 2.060351938313525864e+02 1.379456706281833624e-03
2.517741228070175339e+02 2.060092671194114189e+02 1.379456706281833624e-03
2.517773415393322125e+02 2.059118916242218518e+02 1.591680814940577308e-03
2.518261177136389222e+02 2.059538766270514998e+02 1.237973967176004501e-03
2.518139855687606143e+02 2.059396576117713664e+02 1.379456706281833624e-03
2.518491086587436314e+02 2.059814657611771338e+02 1.662422184493491870e-03
2.518377900396151574e+02 2.059710667798528618e+02 1.061120543293718205e-03
2.518765563101301552e+02 2.059792727787209969e+02 1.202603282399547328e-03
2.519130942275042457e+02 2.060148203169213446e+02 1.308715336728919062e-03
2.519115379173740905e+02 2.059974179400113314e+02 8.135257498585172402e-04
2.519197085455574552e+02 2.059805461233729602e+02 9.903791737408036439e-04
2.519627546689303870e+02 2.060223189020939571e+02 1.096491228070175378e-03
2.519800863044708592e+02 2.060655418788907696e+02 1.414827391058290796e-03
2.519947651386530936e+02 2.061280418788907696e+02 1.414827391058290796e-03
2.519868067345783800e+02 2.061630942275042457e+02 1.273344651952461890e-03
2.519867006225240402e+02 2.062076966610073612e+02 1.414827391058290796e-03
2.519755942275042457e+02 2.060691143180532094e+02 9.903791737408036439e-04
2.516945033955857411e+02 2.055035016977928706e+02 2.122241086587436302e-04
2.516358941709111434e+02 2.051075976230899869e+02 2.122241086587436302e-04
2.516042374080362265e+02 2.049979838709677438e+02 1.768534238822863495e-04
2.515852787209960297e+02 2.049268180531975077e+02 1.414827391058290959e-04
2.516305531975098972e+02 2.049578027730616725e+02 7.074136955291454793e-05
2.516239742501414867e+02 2.047835667798528618e+02 8.135257498585172402e-04
2.516259550084889725e+02 2.047521576117713664e+02 1.167232597623089939e-03
2.515909026598754963e+02 2.046723967176004635e+02 3.360215053763440912e-03
2.515133347481607302e+02 2.045818123938879580e+02 3.537068477645727397e-05
2.514926782682512680e+02 2.045427631578947398e+02 3.537068477645727397e-05
2.515658248443689899e+02 2.044429117147707871e+02 2.122241086587436302e-04
2.515716256366723371e+02 2.044124575551782641e+02 1.414827391058290959e-04
2.515722623089982903e+02 2.043901740237691058e+02 1.414827391058290959e-04
2.516242572156197070e+02 2.044167020373514561e+02 1.414827391058290959e-04
2.515930249009620923e+02 2.044648415393322125e+02 1.414827391058290959e-04
2.516304117147707871e+02 2.044886460101867556e+02 2.475947934352009110e-04
2.516485922467458920e+02 2.044744269949066222e+02 0.000000000000000000e+00
2.516762874929258658e+02 2.045196661007357193e+02 3.537068477645727397e-05
2.517338002263723808e+02 2.045604838709677438e+02 1.768534238822863495e-04
2.517807017543859729e+02 2.046334182229767862e+02 1.414827391058290959e-04
2.518444043576683669e+02 2.047040534804753804e+02 2.829654782116581917e-04
2.518806239388794666e+02 2.047607880588568321e+02 4.598189020939445412e-04
2.519721986417657149e+02 2.048800933786077962e+02 7.074136955291453980e-04
2.520331069609507608e+02 2.049615166949632226e+02 8.488964346349745210e-04
2.520695741369552820e+02 2.050444255800792348e+02 8.488964346349745210e-04
2.520481395019807564e+02 2.051614671760045212e+02 2.334465195246179878e-03
2.520475028296547748e+02 2.051838921901527897e+02 2.688172043010752903e-03
2.519970288624787713e+02 2.051141765704583975e+02 1.662422184493491870e-03
2.517631932654216200e+02 2.048029499151103607e+02 1.202603282399547328e-03
2.516056876061120420e+02 2.043982739105829012e+02 7.074136955291454793e-05
2.516289968873797420e+02 2.043505588568194753e+02 1.061120543293718151e-04
2.516139643463497464e+02 2.043383559705715982e+02 1.061120543293718151e-04
2.516625282965478334e+02 2.043632923033389943e+02 1.061120543293718151e-04
2.517236134691567599e+02 2.044266411997736270e+02 0.000000000000000000e+00
2.517383276740237648e+02 2.045995331069609620e+02 1.414827391058290959e-04
2.517730970571590206e+02 2.046388299377476017e+02 1.061120543293718151e-04
2.517783319185059554e+02 2.046440647990945081e+02 2.829654782116581917e-04
2.517901103565365020e+02 2.046750848896434718e+02 1.061120543293718151e-04
2.518077956989247355e+02 2.046978636106395015e+02 4.244482173174872605e-04
2.518436615732880455e+02 2.047541029994340818e+02 3.183361629881154725e-04
2.518504173740803651e+02 2.048497099603848426e+02 3.537068477645726990e-04
2.518844793435200984e+02 2.048781126202603389e+02 5.659309564233163834e-04
2.519510116015846108e+02 2.049548316355404722e+02 9.903791737408036439e-04
2.519784946236559051e+02 2.051676570458404001e+02 1.025749858517260816e-03
2.519980899830220835e+02 2.052908177702320245e+02 7.427843803056026787e-04
2.521199419920769742e+02 2.055173670062252427e+02 1.662422184493491870e-03
2.521223825693265326e+02 2.055430107526881613e+02 1.910016977928692726e-03
2.521284663271081001e+02 2.056434634974532969e+02 2.688172043010752903e-03
2.521526952461799738e+02 2.057697014714204897e+02 2.440577249575551829e-03
2.522436686474250109e+02 2.059291525183927547e+02 3.926146010186756970e-03
2.522112691001697726e+02 2.060679470854555859e+02 4.775042444821731707e-03
2.521827603282399650e+02 2.063205645161290249e+02 4.845783814374646052e-03
2.522174943406904220e+02 2.064159946236559051e+02 4.739671760045274101e-03
2.522551641199773655e+02 2.066854131295982029e+02 4.527447651386531068e-03
2.521964134125636576e+02 2.066659946236559051e+02 2.405206564799094657e-03
2.520762238256932619e+02 2.065247241086587451e+02 2.299094510469722706e-03
2.518524335031126213e+02 2.062491511035653673e+02 1.061120543293718205e-03
2.517440930956423415e+02 2.060750212224108679e+02 1.061120543293718205e-03
2.517352150537634543e+02 2.060681239388794666e+02 7.781550650820599595e-04
2.517564020939445300e+02 2.060106465761177219e+02 6.720430107526882257e-04
2.517484436898698448e+02 2.060001414827391102e+02 8.842671194114318017e-04
2.517593024900962178e+02 2.058955503678551224e+02 1.061120543293718205e-03
2.518012874929258658e+02 2.059007498585172584e+02 2.122241086587436302e-04
2.517912422184493551e+02 2.057243208828522825e+02 2.122241086587436302e-04
2.517806663837012024e+02 2.056882781550650918e+02 2.829654782116581917e-04
2.517728848330503695e+02 2.056306946802490074e+02 2.829654782116581917e-04
2.517730970571590206e+02 2.056382640067911609e+02 2.829654782116581917e-04
2.517765280135823502e+02 2.056098613469156646e+02 6.013016411997736642e-04
2.517767048670062309e+02 2.055930602716468627e+02 1.061120543293718205e-03
2.517871745897000437e+02 2.056172538200339659e+02 8.842671194114318017e-04
2.518143039049236052e+02 2.056477787209960297e+02 9.550084889643463632e-04
2.518576683644595278e+02 2.056679400113186205e+02 9.550084889643463632e-04
2.519480050933786117e+02 2.057745472552348645e+02 8.135257498585172402e-04
2.519956847764572672e+02 2.057950622524052164e+02 1.061120543293718205e-03
2.520311969439728443e+02 2.059324419920769742e+02 1.025749858517260816e-03
2.520481041312959860e+02 2.059584040747028837e+02 1.662422184493491870e-03
2.521050509337860888e+02 2.060019807583474858e+02 1.733163554046406431e-03
2.520770019807583537e+02 2.060198783248443704e+02 1.379456706281833624e-03
2.521138936049802055e+02 2.060844651952461675e+02 2.405206564799094657e-03
2.521841044142614692e+02 2.061546760045274596e+02 2.723542727787210075e-03
2.521274759479343572e+02 2.060980475382003476e+02 1.803904923599320776e-03
2.519579442558007827e+02 2.057935413129598317e+02 9.550084889643463632e-04
2.516477787209960297e+02 2.052131437464629187e+02 4.951895868704018220e-04
2.515008135257498623e+02 2.050027942840973481e+02 3.537068477645727397e-05
2.515007781550650918e+02 2.050408177702320245e+02 3.537068477645727397e-05
2.515039615166949716e+02 2.050181097906055356e+02 3.537068477645727397e-05
2.515499080362195912e+02 2.049169142614601071e+02 3.537068477645727397e-05
2.516188808715336620e+02 2.049823500282965369e+02 7.074136955291454793e-05
2.516399617996604547e+02 2.049751344086021447e+02 3.183361629881154725e-04
2.516630942275042457e+02 2.049016341256366616e+02 2.475947934352009110e-04
2.516724320882852339e+02 2.049058786078098535e+02 1.414827391058290959e-04
2.516339841539332269e+02 2.048422467458970004e+02 7.074136955291454793e-05
2.516684705715902624e+02 2.048557937181663817e+02 7.074136955291454793e-05
2.516857668364459641e+02 2.048674306734578465e+02 2.829654782116581917e-04
2.517930107526881613e+02 2.049871250707413708e+02 2.829654782116581917e-04
2.518198924731182728e+02 2.050140067911714823e+02 3.537068477645726990e-04
2.518622665534804810e+02 2.050609083191850459e+02 6.720430107526882257e-04
2.519041808149405881e+02 2.051028579513299519e+02 1.025749858517260816e-03
2.519526740237691058e+02 2.051582838143746415e+02 2.475947934352009110e-04
2.519755234861347049e+02 2.052015775325410232e+02 4.244482173174872605e-04
2.520372099603848426e+02 2.052700905489530214e+02 1.768534238822863603e-03
2.520366086587436314e+02 2.052830715902659904e+02 1.803904923599320776e-03
2.520551075268817272e+02 2.053340407470288653e+02 1.803904923599320776e-03
2.520724391624221710e+02 2.054146859083191714e+02 2.334465195246179878e-03
2.521479909451047092e+02 2.055536573288058833e+02 3.218732314657611789e-03
2.521742713638936095e+02 2.056918505942275033e+02 1.945387662705149899e-03
2.521390067911714823e+02 2.057312535370684827e+02 1.733163554046406431e-03
2.522095713073005072e+02 2.057916312959818868e+02 2.475947934352009001e-03
2.520369269949066222e+02 2.055759762308998404e+02 1.414827391058290796e-03
2.516862620260328356e+02 2.050016270514997245e+02 2.122241086587436302e-04
2.514914049235993332e+02 2.045560979060554700e+02 3.537068477645727397e-05
2.515158460667798579e+02 2.044698641765704679e+02 0.000000000000000000e+00
2.515024052065647879e+02 2.044315223542727722e+02 0.000000000000000000e+00
2.515163058856819589e+02 2.044226089417091146e+02 2.475947934352009110e-04
2.515100452744765107e+02 2.043887945670628312e+02 0.000000000000000000e+00
2.515607668364459641e+02 2.043901386530843354e+02 0.000000000000000000e+00
2.516275466893038981e+02 2.044777164685908417e+02 0.000000000000000000e+00
2.516371675155631067e+02 2.044836587436332707e+02 0.000000000000000000e+00
2.516393251273344731e+02 2.045019453876627153e+02 3.537068477645727397e-05
2.516464346349745256e+02 2.045185342388228662e+02 3.537068477645727397e-05
2.517195458404074770e+02 2.045760823429541517e+02 1.061120543293718151e-04
2.517427490096208373e+02 2.046513511601584696e+02 6.366723259762309449e-04
2.517634762308998404e+02 2.046856607243916244e+02 1.131861912846632767e-03
2.518263299377476017e+02 2.047852999434068977e+02 2.688172043010752903e-03
2.519249080362195912e+02 2.049330079230333865e+02 3.254102999434068961e-03
2.519407541029994206e+02 2.050218590831918561e+02 1.910016977928692726e-03
2.519616935483871032e+02 2.050710950764006668e+02 3.820033955857385453e-03
2.519783885116015938e+02 2.051215690435766703e+02 3.395585738539898084e-03
2.520398981324278509e+02 2.052869623655913927e+02 2.122241086587436411e-03
2.520955008488964211e+02 2.054226796830786554e+02 1.768534238822863603e-03
2.521224533106961019e+02 2.055664261460101727e+02 2.051499717034521632e-03
2.521571165817770179e+02 2.056859790605546152e+02 2.688172043010752903e-03
2.521757923033389943e+02 2.057362054329371688e+02 3.112620260328239838e-03
2.522499292586304591e+02 2.058421760045274596e+02 3.430956423316355256e-03
2.522612125070741342e+02 2.058970359366157368e+02 3.996887379739672182e-03
2.522475594227504132e+02 2.060739601018675842e+02 5.553197509903792101e-03
2.522661290322580783e+02 2.061488398415393419e+02 6.366723259762309232e-03
2.522303338992642807e+02 2.062301570458404001e+02 5.164119977362761904e-03
2.520778508771929864e+02 2.059813596491227941e+02 2.971137521222410715e-03
2.517917020373514561e+02 2.052174235993208811e+02 2.475947934352009110e-04
2.516124787775891321e+02 2.049363327674023765e+02 1.061120543293718151e-04
2.516110993208828575e+02 2.049131649688737866e+02 7.074136955291454793e-05
2.516477787209960297e+02 2.049153225806451530e+02 3.537068477645727397e-05
2.516861912846632663e+02 2.049534521788341692e+02 3.537068477645727397e-05
2.517456494057724967e+02 2.050233800226372409e+02 3.537068477645727397e-05
