2.519963521745289654e+02 1.929710653067006660e+02 1.578127213486329450e-01
2.527100509987250234e+02 2.012931718373707213e+02 3.429310100580819087e-01
2.530083227085989392e+02 2.015983496245927142e+02 4.236789913585493617e-01
2.529986542003116483e+02 2.047489021107805627e+02 1.340487321150304612e-01
2.527194715965434284e+02 2.052525853520328667e+02 4.568635784105397335e-02
2.528897506728998508e+02 2.058030528403456572e+02 5.376115597110072558e-02
2.521466921660291689e+02 2.065438801529961665e+02 2.015157954384473593e-02
2.521588751947867877e+02 2.069375973933985051e+02 8.216461255135287453e-03
2.521196345091372848e+02 2.071648250460405052e+02 6.799830004249893603e-03
2.520676087264484977e+02 2.076456296925910294e+02 5.241535628275960194e-03
2.521391486046182138e+02 2.078661637625725973e+02 7.366482504604051837e-03
2.521901827454313718e+02 2.081354653633659098e+02 5.170704065731689981e-03
2.521910327241818948e+02 2.082904802379940463e+02 6.658166879161354045e-03
2.521666312508853878e+02 2.085213203003258116e+02 1.069556594418472929e-02
2.522370024082731277e+02 2.087085281201303246e+02 7.685224536053265193e-03
2.522990508570618999e+02 2.089724819379515566e+02 6.799830004249893603e-03
2.522534353307833896e+02 2.091363507578977305e+02 6.091514378807196678e-03
2.521704561552627979e+02 2.092406502337441623e+02 6.410256410256410034e-03
2.522313004674883246e+02 2.094265122538603237e+02 4.816546253010341519e-03
2.522707182320442030e+02 2.095708315625442708e+02 4.568635784105397508e-03
2.522431647542144901e+02 2.097945884686216118e+02 3.364499220852812129e-03
2.522144071398215033e+02 2.099712423856070131e+02 4.391556877744722844e-03
2.522151154554469485e+02 2.102677433064173442e+02 4.922793596826745971e-03
2.522581102139113227e+02 2.104542428105964120e+02 2.797846720498654328e-03
2.522673891486046216e+02 2.106461963450913686e+02 1.983283751239552518e-03
2.522978821362799238e+02 2.107860532653350276e+02 4.816546253010341519e-03
2.521794871794871824e+02 2.106342258110213947e+02 3.222836095764272570e-03
2.520419322850262063e+02 2.103796571752372984e+02 1.416631250885394501e-03
2.520620484487887722e+02 2.104140813146337905e+02 1.841620626151012959e-03
2.520728856778580393e+02 2.104140458988525211e+02 1.770789063606743180e-03
2.521069556594418373e+02 2.105471029890919397e+02 2.018699532511687190e-03
2.521277447230485791e+02 2.105921164470888129e+02 1.983283751239552518e-03
2.521864995041790678e+02 2.107035699107522362e+02 1.983283751239552518e-03
2.522202507437314125e+02 2.108087193653491909e+02 1.062473438164045821e-03
2.522962884261226861e+02 2.109176228927610168e+02 1.487462813429664280e-03
2.522732327525145308e+02 2.110420385323700145e+02 2.514520470321575212e-03
2.523235939934834846e+02 2.111146408839778985e+02 3.116588751947868118e-03
2.523319167020824523e+02 2.111565377532228354e+02 2.939509845587193453e-03
2.523400623317750444e+02 2.112671058223544378e+02 3.754072814846295698e-03
2.523883340416489602e+02 2.114951480379657198e+02 3.435330783397081908e-03
2.523402039949001221e+02 2.117419606176512161e+02 9.916418756197762589e-04
2.521526066015016170e+02 2.107099093355999457e+02 0.000000000000000000e+00
2.521986471171554172e+02 2.107504249893752615e+02 0.000000000000000000e+00
2.522190820229494364e+02 2.108306417339566394e+02 0.000000000000000000e+00
2.522711078056381950e+02 2.109353661991783611e+02 5.312367190820229106e-04
2.522466000849978798e+02 2.109850899560844368e+02 0.000000000000000000e+00
2.522843178920527123e+02 2.110466071681541393e+02 2.124946876328091751e-04
2.522881427964300940e+02 2.111405298200878349e+02 6.728998441705623607e-04
2.523211857203569934e+02 2.112355503612409677e+02 2.833262501770789001e-04
2.523103484912877263e+02 2.113440643150588016e+02 6.374840628984275795e-04
2.520803584077064841e+02 2.107254922793596847e+02 1.168720781980450490e-03
2.520403031590876992e+02 2.106922368607451403e+02 3.541578127213486252e-05
2.520217098739198320e+02 2.105659796005099906e+02 6.020682816262926899e-04
2.520254639467346749e+02 2.103383269584927007e+02 6.020682816262926899e-04
2.519030315908769069e+02 2.095754356141096366e+02 6.020682816262926899e-04
2.519040232327525075e+02 2.092858761864286805e+02 6.374840628984275795e-04
2.518718657033574289e+02 2.090225244368890856e+02 1.841620626151012959e-03
2.518225315200453451e+02 2.089228998441705585e+02 1.841620626151012959e-03
2.518493766822496127e+02 2.088188482787930411e+02 1.841620626151012959e-03
2.518836945743022966e+02 2.087990508570618999e+02 2.372857345233035653e-03
2.520486966992491773e+02 2.086922722765264098e+02 0.000000000000000000e+00
2.520545403031590865e+02 2.086981158804363190e+02 0.000000000000000000e+00
2.520137413231335870e+02 2.086550502904094060e+02 0.000000000000000000e+00
2.519809817254568713e+02 2.085619422014449640e+02 5.666525003541578002e-04
2.519739694007649859e+02 2.085764626717665351e+02 5.666525003541578002e-04
2.520320512820512704e+02 2.087047386315342123e+02 4.604051565377532398e-04
2.520206474004816641e+02 2.087140175662275112e+02 4.604051565377532398e-04
2.520779501345799645e+02 2.087663620909477231e+02 4.958209378098881294e-04
2.521118784530386847e+02 2.088609222269443251e+02 4.958209378098881294e-04
2.521335529111772189e+02 2.089215540444822352e+02 4.958209378098881294e-04
2.521432568352457793e+02 2.089542073948151426e+02 4.958209378098881294e-04
2.521887306983992119e+02 2.090338929026774224e+02 5.666525003541578002e-04
2.522066864995041726e+02 2.091345799688341174e+02 1.027057656891910932e-03
2.522010908060631778e+02 2.091867828304292516e+02 1.062473438164045821e-03
2.522258818529536768e+02 2.092754639467346749e+02 1.133305000708315600e-03
2.522569060773480771e+02 2.093617367899135786e+02 1.204136563252585380e-03
2.522531520045332059e+02 2.094856566085847760e+02 1.416631250885394501e-03
2.522484771214053012e+02 2.095184870378240589e+02 1.416631250885394501e-03
2.523079402181612068e+02 2.096188907777305701e+02 1.381215469613259611e-03
2.522421376965575917e+02 2.095546465505028948e+02 1.133305000708315600e-03
2.520078623034424083e+02 2.091504462388440402e+02 3.541578127213486252e-05
2.518221065306700552e+02 2.085301388298625795e+02 0.000000000000000000e+00
2.517826887661141768e+02 2.083893610993058587e+02 0.000000000000000000e+00
2.518297917552061165e+02 2.083727156821079518e+02 0.000000000000000000e+00
2.518590451905369036e+02 2.083759031024224271e+02 0.000000000000000000e+00
2.518533786655333699e+02 2.083744156396089977e+02 0.000000000000000000e+00
2.518699178353874402e+02 2.083842258110213947e+02 3.541578127213486252e-05
2.519320016999575103e+02 2.084966709165604186e+02 1.416631250885394501e-04
2.519987958634367544e+02 2.085552132030032624e+02 6.374840628984275795e-04
2.520745856353591137e+02 2.086061765122538532e+02 1.168720781980450490e-03
2.521224677716390374e+02 2.086164116730415117e+02 1.487462813429664280e-03
2.521766539169854013e+02 2.087031803371582441e+02 8.145629692591018108e-04
2.522399419181187170e+02 2.088390352741181459e+02 1.770789063606743126e-04
2.522849907918968597e+02 2.089655404448222100e+02 3.541578127213486252e-04
2.522600580818812830e+02 2.091814350474571427e+02 1.735373282334608290e-03
2.523594347641308957e+02 2.094039878169712381e+02 1.664541719790338511e-03
2.523071256551919532e+02 2.096565377532228354e+02 1.027057656891910932e-03
2.522476979742173171e+02 2.098223544411389696e+02 6.728998441705623607e-04
2.522453251168720669e+02 2.099874982292109280e+02 2.797846720498654328e-03
2.522543561410964799e+02 2.101638334041649046e+02 2.691599376682249443e-03
2.522935968267460112e+02 2.103121901119138784e+02 2.620767814137980097e-03
2.522667870803229846e+02 2.104523657741889906e+02 1.877036407423147849e-03
2.522456438589035201e+02 2.107159654341974715e+02 3.152004533220002791e-03
2.523236294092647825e+02 2.108766822496104396e+02 2.620767814137980097e-03
2.523377248902110921e+02 2.110641733956651080e+02 3.931151721206969929e-03
2.522927114322141904e+02 2.112380294659300262e+02 3.931151721206969929e-03
2.523203003258252011e+02 2.113683241252302025e+02 4.179062190111913939e-03
2.523694220144496398e+02 2.114330641733956782e+02 3.081172970675733012e-03
2.518738844028899280e+02 2.102099093355999457e+02 0.000000000000000000e+00
2.518623388581952156e+02 2.098946380507154004e+02 3.541578127213486252e-04
2.517862657600226726e+02 2.096111701374132394e+02 3.541578127213486252e-04
2.517534707465646591e+02 2.094820441988950392e+02 3.541578127213486252e-04
2.518332979175520734e+02 2.095042144779713738e+02 0.000000000000000000e+00
2.518565306700665758e+02 2.094257331066723395e+02 0.000000000000000000e+00
2.518616659583510398e+02 2.092833970817396221e+02 0.000000000000000000e+00
2.519216602918260435e+02 2.092717807054823709e+02 2.124946876328091751e-04
2.519701444963876042e+02 2.093041861453463639e+02 3.541578127213486252e-05
2.519679487179487296e+02 2.093245148037965748e+02 1.770789063606743126e-04
2.519309746423006118e+02 2.092992987675308143e+02 1.416631250885394501e-04
2.519943334749964663e+02 2.093608159796005168e+02 3.187420314492137897e-04
2.520959413514662231e+02 2.093743802238277283e+02 0.000000000000000000e+00
2.521439651508712245e+02 2.094224040232327582e+02 0.000000000000000000e+00
2.521638688199461740e+02 2.094876398923360341e+02 0.000000000000000000e+00
2.522030740898144074e+02 2.095404448222127769e+02 7.083156254426972503e-05
2.521699603343249692e+02 2.095415427114322142e+02 1.416631250885394501e-04
2.521999929168437404e+02 2.095578693865986679e+02 2.124946876328091751e-04
2.521670916560419187e+02 2.095385677858053555e+02 2.479104689049440647e-04
2.521783538744864757e+02 2.095452967842470571e+02 1.133305000708315600e-03
2.521848349624592629e+02 2.095506799830004354e+02 1.806204844878878070e-03
2.522452542853095281e+02 2.096110993058507006e+02 2.549936251593710318e-03
2.522927822637767292e+02 2.096784601218302839e+02 3.258251877036407243e-03
2.522324691882703007e+02 2.096817537894885959e+02 2.691599376682249443e-03
2.522321858620201169e+02 2.097102989091939378e+02 2.868678283042924108e-03
2.522436605751522904e+02 2.097219861170137278e+02 3.116588751947868118e-03
2.522637767389148564e+02 2.097419960334324855e+02 3.364499220852812129e-03
2.522725598526703550e+02 2.098018841195636810e+02 1.947867969967417411e-03
2.523108443122255267e+02 2.098458351041223864e+02 2.443688907777305432e-03
2.523123317750389560e+02 2.098450559569344023e+02 2.549936251593710318e-03
2.520958351041223864e+02 2.094832837512395542e+02 2.620767814137980097e-03
2.518077631392548597e+02 2.090297492562685875e+02 9.562260943476412608e-04
2.517626080181328803e+02 2.087083510412239775e+02 0.000000000000000000e+00
2.517735869103272535e+02 2.086894390140246571e+02 0.000000000000000000e+00
2.518374769797421777e+02 2.087215965434197358e+02 2.124946876328091751e-04
2.518393186003683297e+02 2.087281130471738209e+02 2.124946876328091751e-04
2.519412452188695397e+02 2.087048094630967512e+02 2.124946876328091751e-04
2.519784672049865435e+02 2.087577560560986001e+02 6.374840628984275795e-04
2.519796359257685197e+02 2.087912239694007610e+02 0.000000000000000000e+00
2.519844170562402610e+02 2.087726306842328938e+02 1.416631250885394501e-04
2.519997875053123551e+02 2.087539311517212184e+02 0.000000000000000000e+00
2.520366199178353952e+02 2.088111276384757105e+02 3.541578127213486252e-05
2.520489446097180917e+02 2.089135500779147208e+02 8.853945318033715900e-04
2.521100368324125327e+02 2.090178849695424219e+02 1.239552344524720269e-03
2.521421943618076114e+02 2.090596401756622811e+02 1.204136563252585380e-03
2.521375903102422456e+02 2.092380294659300262e+02 1.097889219436180711e-03
2.521535274118147072e+02 2.094143292251027049e+02 1.345799688341124721e-03
2.522222694432639116e+02 2.097492562685932853e+02 1.345799688341124721e-03
2.522514166312508905e+02 2.100222056948576324e+02 1.664541719790338511e-03
2.523310667233319293e+02 2.103644992208528208e+02 2.620767814137980097e-03
2.523483142088114448e+02 2.105789417764555935e+02 2.372857345233035653e-03
2.523355291117722174e+02 2.107378523870236506e+02 3.222836095764272570e-03
2.523362374273976343e+02 2.109374557302733990e+02 1.629125938518203622e-03
2.523175024791046894e+02 2.110541507295650945e+02 1.416631250885394501e-03
2.523374769797421777e+02 2.112033220002833218e+02 1.416631250885394501e-03
2.523958421872786460e+02 2.113115526278509719e+02 1.310383907068990049e-03
2.524091585210369715e+02 2.113988171129055047e+02 1.947867969967417411e-03
2.523580181328800052e+02 2.114789984417056132e+02 2.089531095055956970e-03
2.523971879869669976e+02 2.115953746989658555e+02 4.037399065023374381e-03
2.520792605184870467e+02 2.109647967134154953e+02 0.000000000000000000e+00
2.519521886952826151e+02 2.107830429239268994e+02 6.374840628984275795e-04
2.518902110780563817e+02 2.101058223544411305e+02 5.666525003541578002e-04
2.518785592860178610e+02 2.095705836520753564e+02 5.666525003541578002e-04
2.518663408414789728e+02 2.094255560277659640e+02 5.666525003541578002e-04
2.519489304434055725e+02 2.094230060915143667e+02 5.666525003541578002e-04
2.519848066298342530e+02 2.094101501629126005e+02 5.666525003541578002e-04
2.520261722623601202e+02 2.094448576285592765e+02 5.666525003541578002e-04
2.521101430797563410e+02 2.095183453746989528e+02 6.020682816262926899e-04
2.521275322283609626e+02 2.095357345233035744e+02 6.374840628984275795e-04
2.521945743023091211e+02 2.096189261935118395e+02 1.239552344524720269e-03
2.522652996175095552e+02 2.096879869669924972e+02 1.274968125796855159e-03
2.522859116022099499e+02 2.097615455446947124e+02 1.381215469613259611e-03
2.520282617934551581e+02 2.103178212211361426e+02 0.000000000000000000e+00
2.520427822637767292e+02 2.103323416914577138e+02 0.000000000000000000e+00
2.520762147612976207e+02 2.103646408839778985e+02 0.000000000000000000e+00
2.521336945743022966e+02 2.104265122538603237e+02 2.479104689049440647e-04
2.521948576285592765e+02 2.105896727581810524e+02 2.479104689049440647e-04
2.522201799121688737e+02 2.106648604618217746e+02 2.302025782688766307e-03
2.522265193370165832e+02 2.107348066298342530e+02 3.081172970675733012e-03
2.522412523020257709e+02 2.107797138404873181e+02 3.683241252302025918e-03
2.522677787221986137e+02 2.108607805638192474e+02 4.072814846295509487e-03
2.523329437597393508e+02 2.109015795438447469e+02 4.851962034282476625e-03
2.523280917977050706e+02 2.109018274543136329e+02 2.372857345233035653e-03
2.522836449922085365e+02 2.108736719082022830e+02 2.479104689049440539e-03
2.522675662275109687e+02 2.108543348916277012e+02 3.222836095764272570e-03
2.522886386173678943e+02 2.108816404589885281e+02 1.664541719790338511e-03
2.523379373848987086e+02 2.109411389715257030e+02 2.054115313783821863e-03
2.523211148887944546e+02 2.110127142654766885e+02 2.974925626859328560e-03
2.523355999433347563e+02 2.111035557444397170e+02 2.585352032865844991e-03
2.522155758606034794e+02 2.109625655191953513e+02 1.593710157246068949e-03
2.518892902677433199e+02 2.098660575152287890e+02 0.000000000000000000e+00
2.518104193228502652e+02 2.095939580677149650e+02 0.000000000000000000e+00
2.517917906219011286e+02 2.094017212069698246e+02 0.000000000000000000e+00
2.517956509420597797e+02 2.093276668083297807e+02 0.000000000000000000e+00
2.518834466638334106e+02 2.092826887661141768e+02 0.000000000000000000e+00
2.518703782405439995e+02 2.092447938801529972e+02 0.000000000000000000e+00
2.518433914152146258e+02 2.092008074798129940e+02 8.499787505312367004e-04
2.518554681966284079e+02 2.091633021674458064e+02 5.666525003541578002e-04
2.518438164045898873e+02 2.091301175803938293e+02 6.374840628984275795e-04
2.519011191386881876e+02 2.092031449213769747e+02 1.770789063606743126e-04
2.519307621476129668e+02 2.091973721490296043e+02 4.604051565377532398e-04
2.519338433205836623e+02 2.091984700382490416e+02 4.604051565377532398e-04
2.519316475421447876e+02 2.091981867119988578e+02 4.604051565377532398e-04
2.519438659866836758e+02 2.092093426830995782e+02 3.895735939934835148e-04
2.519946522170279195e+02 2.092670704065731684e+02 2.479104689049440647e-04
2.520809604759880926e+02 2.093902110780563817e+02 0.000000000000000000e+00
2.521485337866553209e+02 2.095291826037682483e+02 2.124946876328091751e-04
2.521767601643292380e+02 2.096352174528970238e+02 7.437314067148321399e-04
2.522018345374698924e+02 2.096962388440288976e+02 6.374840628984275795e-04
2.522660079331350005e+02 2.097656537753222779e+02 3.187420314492137897e-04
2.523205836520753564e+02 2.098284459555177648e+02 3.895735939934835148e-04
2.522536478254710346e+02 2.099635217452897109e+02 3.541578127213486252e-04
2.523302167445813780e+02 2.100645983850403695e+02 1.027057656891910932e-03
2.523107734806629878e+02 2.101658521036974037e+02 1.877036407423147849e-03
2.523148108797280145e+02 2.102699036690749494e+02 2.337441563960900980e-03
2.523052840345658012e+02 2.103051777872219930e+02 1.664541719790338511e-03
2.523302167445813780e+02 2.104269726590168545e+02 2.195778438872361422e-03
2.523049652925343480e+02 2.103881215469613153e+02 2.195778438872361422e-03
2.520690607734806576e+02 2.095832270859895061e+02 0.000000000000000000e+00
2.517761014307975529e+02 2.086622042782263691e+02 0.000000000000000000e+00
2.516922014449638709e+02 2.085172474854795155e+02 0.000000000000000000e+00
2.517033220002833218e+02 2.084272205694857689e+02 0.000000000000000000e+00
2.517032865845020524e+02 2.083917693724323499e+02 9.916418756197762589e-04
2.516748831279217882e+02 2.082256693582660318e+02 1.062473438164045821e-03
2.517615455446947124e+02 2.081409902252443658e+02 1.062473438164045821e-03
2.517378169712423812e+02 2.080872290692732633e+02 1.097889219436180711e-03
2.518016007933134972e+02 2.080898144213061300e+02 1.274968125796855159e-03
2.518314917127071908e+02 2.078411248052132123e+02 1.664541719790338511e-03
2.518745218869528344e+02 2.077223756906077483e+02 1.770789063606743180e-03
2.518264626717665351e+02 2.076714832129196679e+02 2.479104689049440539e-03
2.518748052132029898e+02 2.076892265193370122e+02 2.797846720498654328e-03
2.519345870519903769e+02 2.077077843887236099e+02 3.470746564669216581e-03
2.520082872928176698e+02 2.075567360815979612e+02 0.000000000000000000e+00
2.520405864853378546e+02 2.075879019691174392e+02 3.541578127213486252e-05
2.521029182603768106e+02 2.076438589035274163e+02 0.000000000000000000e+00
2.521499504179062114e+02 2.077019407848137007e+02 7.083156254426972503e-05
2.521849766255843690e+02 2.077277588893610982e+02 1.770789063606743126e-04
2.521835245785522091e+02 2.077312650517070267e+02 2.833262501770789001e-04
2.521470817396231894e+02 2.077571539878169631e+02 2.833262501770789001e-04
2.521618147046323770e+02 2.077667870803229846e+02 2.833262501770789001e-04
2.521725456863578358e+02 2.078500495820937886e+02 5.666525003541578002e-04
2.522468125796854963e+02 2.079487179487179560e+02 7.083156254426972503e-04
2.522769514095481043e+02 2.081200949142938157e+02 2.160362657600226749e-03
2.523101005808188120e+02 2.082330004249893705e+02 1.487462813429664280e-03
2.522389148604618185e+02 2.084246706332341716e+02 1.629125938518203622e-03
2.522338504037398934e+02 2.083936464088397713e+02 2.443688907777305432e-03
2.518012466355007746e+02 2.075913372999008288e+02 5.666525003541578002e-04
2.516023516078764715e+02 2.070248618784530379e+02 2.124946876328091751e-04
2.516152075364782661e+02 2.069044836379090384e+02 0.000000000000000000e+00
2.516801954951126277e+02 2.069475138121546820e+02 0.000000000000000000e+00
2.517094489304434148e+02 2.070086414506303925e+02 9.562260943476412608e-04
2.518255772772347427e+02 2.071149242102280823e+02 3.541578127213486252e-04
2.519287434480804677e+02 2.072150446238844097e+02 7.083156254426972503e-04
2.519955730273409813e+02 2.073124026066014949e+02 8.145629692591018108e-04
2.520429593426831048e+02 2.073558223544411305e+02 8.499787505312367004e-04
2.520355574443972273e+02 2.073824196061765122e+02 7.791471879869670296e-04
2.520549298767530786e+02 2.074525074373140683e+02 4.604051565377532398e-04
2.520658733531661824e+02 2.075075789771922246e+02 6.020682816262926899e-04
2.521735019124521955e+02 2.077662204278226454e+02 1.133305000708315600e-03
2.522521957784388746e+02 2.080536549086272942e+02 1.027057656891910932e-03
2.522950842895594405e+02 2.084199603343249692e+02 1.381215469613259611e-03
2.522208882277943189e+02 2.088929380932143260e+02 5.701940784813713109e-03
2.521675874769797474e+02 2.092481937951551174e+02 5.206119847003825088e-03
2.522021886952826151e+02 2.094374203144921296e+02 5.029040940643150423e-03
2.522209590593568578e+02 2.095649879586343616e+02 3.683241252302025918e-03
2.522502479104689144e+02 2.097370732398356665e+02 5.595693440997308657e-03
2.522576143929735224e+02 2.101307550644567357e+02 7.897719223686074097e-03
2.523252585352032895e+02 2.102979883836237320e+02 8.145629692591018975e-03
2.523049298767530786e+02 2.106016432922510262e+02 8.535203286584502544e-03
2.523223898569202390e+02 2.108897152571185813e+02 4.426972659016857950e-03
2.522633163337583255e+02 2.111435047457146936e+02 2.656183595410114770e-03
2.522239694007649859e+02 2.111313571327383443e+02 2.939509845587193453e-03
2.520382136279926328e+02 2.103806842328941684e+02 1.416631250885394501e-04
2.519390494404306651e+02 2.097414293809321464e+02 1.062473438164045875e-04
2.518782405439864078e+02 2.094322141946451268e+02 8.499787505312367004e-04
2.519183312083864621e+02 2.093463663408414845e+02 9.916418756197762589e-04
2.519411035557444336e+02 2.093535557444397170e+02 1.416631250885394501e-03
2.519480450488737802e+02 2.093321646125513666e+02 5.666525003541578002e-04
2.520499716673749901e+02 2.094386244510554036e+02 3.541578127213486252e-05
2.521119138688199541e+02 2.095028332625017811e+02 7.083156254426972503e-05
2.521151721206969967e+02 2.094749256268593172e+02 7.083156254426972503e-05
2.519864003399914907e+02 2.093181753789488653e+02 9.562260943476412608e-04
2.517890990225244252e+02 2.090268097464229982e+02 9.208103130755064796e-04
2.516939722340274841e+02 2.087985904519053690e+02 2.054115313783821863e-03
2.517339920668649995e+02 2.086725811021391053e+02 2.620767814137980097e-03
2.517657600226660861e+02 2.086873494829295907e+02 2.302025782688766307e-03
2.519067856636917497e+02 2.088655971100722581e+02 2.656183595410114770e-03
2.520185578693865978e+02 2.089967771639042269e+02 3.222836095764272570e-03
2.520028686782830505e+02 2.091622751097889079e+02 3.966567502479105035e-03
2.520475633942484706e+02 2.092645558861028405e+02 2.974925626859328560e-03
2.521381215469613153e+02 2.094119209519762137e+02 3.470746564669216581e-03
2.522385607026490959e+02 2.095886811163054233e+02 3.718657033574160591e-03
2.520338220711148836e+02 2.098041153137838251e+02 1.062473438164045875e-04
2.520508570619067825e+02 2.097710015582943868e+02 3.541578127213486252e-05
2.520446238844028812e+02 2.097547102989092025e+02 7.083156254426972503e-05
2.520324408556452624e+02 2.097083864570052469e+02 0.000000000000000000e+00
2.520178141379798831e+02 2.097055177787221965e+02 0.000000000000000000e+00
2.518559640175662366e+02 2.094831775038957460e+02 5.312367190820229106e-04
2.517504604051565309e+02 2.091249468763280959e+02 4.249893752656183502e-04
2.518521745289700959e+02 2.090116163762572512e+02 4.249893752656183502e-04
2.519142938093214354e+02 2.091131888369457386e+02 4.249893752656183502e-04
2.520106601501629200e+02 2.093118359541011557e+02 4.604051565377532398e-04
2.520760376823912736e+02 2.093510058081881198e+02 4.249893752656183502e-04
2.521025286867828186e+02 2.094858691032724209e+02 4.958209378098881294e-04
2.522207819804504823e+02 2.097188341124805220e+02 1.416631250885394501e-04
2.522622184445388882e+02 2.097786867828304196e+02 2.833262501770789001e-04
2.522291755206119888e+02 2.098526703499079247e+02 4.249893752656183502e-04
2.521828870944893026e+02 2.098187420314492044e+02 4.249893752656183502e-04
2.521986825329366866e+02 2.098208669783255402e+02 2.124946876328091751e-04
2.521719436180762273e+02 2.097734452472021474e+02 1.770789063606743126e-04
2.521528899277518008e+02 2.097543915568777493e+02 3.541578127213486252e-04
2.520884332058365089e+02 2.096789205269868148e+02 4.604051565377532398e-04
2.520405156537753157e+02 2.096364924210228082e+02 3.895735939934835148e-04
2.520229848420456165e+02 2.096089035274118260e+02 1.770789063606743126e-04
2.520553548661283401e+02 2.096336237427397577e+02 1.770789063606743126e-04
2.520499008358124513e+02 2.096300113330500210e+02 2.833262501770789001e-04
2.520750460405156446e+02 2.096460900977475603e+02 1.416631250885394501e-04
2.520941705624026099e+02 2.095894248477121380e+02 2.833262501770789001e-04
2.520936393256835117e+02 2.095916560419322821e+02 5.312367190820229106e-04
2.520639963167587609e+02 2.095667587476979747e+02 4.958209378098881294e-04
2.520019478679699603e+02 2.094647612976342259e+02 2.833262501770789001e-04
2.519369953251168681e+02 2.073631888369457386e+02 0.000000000000000000e+00
2.517140175662275112e+02 2.063490225244368901e+02 2.124946876328091751e-04
2.515658733531661824e+02 2.058331208386456979e+02 0.000000000000000000e+00
2.514956084431222507e+02 2.056275676441422320e+02 0.000000000000000000e+00
2.515195140954809574e+02 2.055933914152146258e+02 3.541578127213486252e-05
2.515592506020682890e+02 2.055809958917693621e+02 1.770789063606743126e-04
2.515717169570760632e+02 2.055843958067715107e+02 1.416631250885394501e-04
2.516165533361665894e+02 2.055906998158379508e+02 0.000000000000000000e+00
2.516424068564952563e+02 2.056315696274259892e+02 0.000000000000000000e+00
2.516522170279076249e+02 2.055699107522311806e+02 1.416631250885394501e-04
2.517244298059215168e+02 2.056206615667941549e+02 1.416631250885394501e-04
2.517644496387590323e+02 2.056613188836945767e+02 2.479104689049440647e-04
2.518196628417622946e+02 2.057425272701515837e+02 1.416631250885394501e-04
2.519601926618501295e+02 2.059988666949992933e+02 3.895735939934835148e-04
2.520854936959909196e+02 2.062008074798129940e+02 3.187420314492137897e-04
2.521408131463380187e+02 2.065002124946876449e+02 1.097889219436180711e-03
2.521840558152712788e+02 2.067237923218586104e+02 1.735373282334608290e-03
2.522695849270434962e+02 2.072603768239127362e+02 8.499787505312367004e-04
2.522757118572035608e+02 2.075163975067289925e+02 9.208103130755064796e-04
2.522766680832979205e+02 2.077536478254710346e+02 8.499787505312367004e-04
2.522230840062331652e+02 2.078146692166029084e+02 1.204136563252585380e-03
2.522620767814138105e+02 2.078478538036549139e+02 1.664541719790338511e-03
2.521977617226235964e+02 2.078498370874061436e+02 1.416631250885394501e-03
2.521876328091797745e+02 2.078568494120980290e+02 1.593710157246068949e-03
2.522202861595126819e+02 2.079014024649383714e+02 2.408273126505170759e-03
2.522227298484204425e+02 2.080387802804930004e+02 6.091514378807196678e-03
2.522281484629550903e+02 2.080664400056665215e+02 6.304009066440005582e-03
2.519119563677574831e+02 2.074128063465080061e+02 3.364499220852812129e-03
2.517360107663974986e+02 2.056540586485337769e+02 0.000000000000000000e+00
2.516228927610142989e+02 2.052203569910752208e+02 7.437314067148321399e-04
2.516443547244652166e+02 2.051313925485196137e+02 1.416631250885394501e-03
2.517077843887236099e+02 2.048024153562827507e+02 2.479104689049440539e-03
2.517455730273409813e+02 2.048266043348916412e+02 7.791471879869670296e-04
2.517755347782972137e+02 2.048558577702223999e+02 1.097889219436180711e-03
2.518328375123955141e+02 2.049220852812013050e+02 1.168720781980450490e-03
2.518559640175662366e+02 2.049452117863719991e+02 8.499787505312367004e-04
2.518670137413231203e+02 2.049739694007649859e+02 8.499787505312367004e-04
2.519116376257260299e+02 2.050317679558011150e+02 1.204136563252585380e-03
2.519556948576285720e+02 2.051222906927326903e+02 3.895735939934835148e-04
2.519237498229210814e+02 2.052243943901402474e+02 5.666525003541578002e-04
2.519750672899844233e+02 2.054245643858903634e+02 6.374840628984275795e-04
2.520147329650092161e+02 2.055492987675308143e+02 1.416631250885394501e-03
2.520190536903243981e+02 2.059725173537328260e+02 2.656183595410114770e-03
2.521489587760306108e+02 2.061508712282193017e+02 3.081172970675733012e-03
2.522319733673324720e+02 2.062863720073664808e+02 3.187420314492137897e-03
2.521905723190253639e+02 2.065606318175378817e+02 3.895735939934834823e-03
2.522249610426405866e+02 2.066784955376115533e+02 3.329083439580677022e-03
2.521811871369882283e+02 2.069271143221419607e+02 5.595693440997308657e-03
2.522018699532511619e+02 2.069715965434197358e+02 2.054115313783821863e-03
2.521452401189970374e+02 2.071566440005666436e+02 2.797846720498654328e-03
2.521838433205836623e+02 2.072455376115597119e+02 3.541578127213486360e-03
2.521815412948009509e+02 2.074131250885394593e+02 3.860320158662700150e-03
2.521997804221561239e+02 2.075651296217594677e+02 4.781130471738206413e-03
2.521403527411814594e+02 2.077272630684232979e+02 3.399915002124946801e-03
2.521632667516645370e+02 2.077513103839070823e+02 3.329083439580677022e-03
2.521800892477688194e+02 2.078381498795863536e+02 4.533220002833262402e-03
2.519953251168720669e+02 2.071878098880861216e+02 1.027057656891910932e-03
2.517748264626717685e+02 2.050499362515937207e+02 0.000000000000000000e+00
2.517232256693582713e+02 2.047317254568635860e+02 0.000000000000000000e+00
2.516776101430797610e+02 2.045984204561552531e+02 1.416631250885394501e-04
2.516780705482362919e+02 2.045915143788072044e+02 1.416631250885394501e-04
2.517250672899844233e+02 2.045428885111205659e+02 0.000000000000000000e+00
2.517262360107663994e+02 2.045406573169004218e+02 0.000000000000000000e+00
2.517055177787221965e+02 2.045069060773480771e+02 1.770789063606743126e-04
2.517295650942059808e+02 2.045519195353449504e+02 1.770789063606743126e-04
2.517574727298484163e+02 2.045238702365774088e+02 1.770789063606743126e-04
2.517868678283042811e+02 2.045429239269018353e+02 2.124946876328091751e-04
2.518226377673891534e+02 2.045556027765972544e+02 2.833262501770789001e-04
2.518825966850828593e+02 2.045992704349058044e+02 1.416631250885394501e-04
2.519843816404589916e+02 2.047480167162487703e+02 1.416631250885394501e-04
2.519673820654483620e+02 2.050350970392406964e+02 8.145629692591018108e-04
2.520641733956651080e+02 2.053851112055531871e+02 8.145629692591018108e-04
2.521052911177220608e+02 2.056486754497804270e+02 1.522878594701799169e-03
2.521625230202578223e+02 2.059239269018274570e+02 1.452047032157529390e-03
2.522168862445105617e+02 2.061711998866695126e+02 1.381215469613259611e-03
2.522629621759456029e+02 2.062654412806346613e+02 1.841620626151012959e-03
2.522432355857770290e+02 2.063550077914718770e+02 1.947867969967417411e-03
2.522796430089247792e+02 2.064337724890210950e+02 2.974925626859328560e-03
2.523130046748831319e+02 2.065271993200169902e+02 3.399915002124946801e-03
2.522740473154837844e+02 2.066531378382207151e+02 3.647825471029890812e-03
2.522235798271709939e+02 2.069128771780705449e+02 4.143646408839778833e-03
2.522365420031165968e+02 2.071088681116305565e+02 4.497804221561127296e-03
2.522768451622042676e+02 2.074196415922935159e+02 4.851962034282476625e-03
2.521990366907494092e+02 2.076625938518203611e+02 2.337441563960900980e-03
2.521020328658450183e+02 2.074353307833970916e+02 1.345799688341124721e-03
2.517221631959201034e+02 2.062271922368607591e+02 2.124946876328091751e-04
2.516621688624450996e+02 2.058762218444538803e+02 0.000000000000000000e+00
2.516817537894885959e+02 2.056188553619492723e+02 5.666525003541578002e-04
2.516579898002549953e+02 2.055826250177078975e+02 5.666525003541578002e-04
2.517022595268451539e+02 2.056271780705482399e+02 5.666525003541578002e-04
2.517550290409406557e+02 2.056484629550927821e+02 6.374840628984275795e-04
2.518535203286584476e+02 2.057105822354441216e+02 5.666525003541578002e-04
2.518667658308542343e+02 2.057419606176512161e+02 6.728998441705623607e-04
2.518748406289842876e+02 2.057500354157812694e+02 6.728998441705623607e-04
2.518959130188411848e+02 2.057711786372007339e+02 8.853945318033715900e-04
2.518903173254001899e+02 2.057599164187562053e+02 1.133305000708315600e-03
2.519489304434055725e+02 2.058185295367615879e+02 1.947867969967417411e-03
2.520239056523586783e+02 2.058991358549369579e+02 1.877036407423147849e-03
2.520438093214336277e+02 2.059734381640458878e+02 2.408273126505170759e-03
2.520444113897152647e+02 2.061206615667941549e+02 2.266610001416631201e-03
2.521059994333475061e+02 2.062652642017282858e+02 3.010341408131463233e-03
2.521318175378948752e+02 2.064252372857345108e+02 2.797846720498654328e-03
2.522098385040374069e+02 2.067577206403173307e+02 1.770789063606743180e-03
2.522687349482929733e+02 2.069959626009349734e+02 1.983283751239552518e-03
2.523464017566227540e+02 2.072129550927893433e+02 1.593710157246068949e-03
2.522950134579968733e+02 2.074259810171412255e+02 1.452047032157529390e-03
2.523382207111488924e+02 2.077315483779572105e+02 3.966567502479105035e-03
2.522496812579685468e+02 2.080129267601643335e+02 3.541578127213486360e-03
2.523014237144071501e+02 2.081813642158946038e+02 4.391556877744722844e-03
2.522400481654625253e+02 2.084675945601360070e+02 4.356141096472588604e-03
2.522541082306275655e+02 2.085390281909618864e+02 4.745714690466071306e-03
2.519686216177928770e+02 2.078691032724181866e+02 1.168720781980450490e-03
2.518124734381640337e+02 2.063605680691316024e+02 0.000000000000000000e+00
2.517536478254710346e+02 2.061991783538744869e+02 3.541578127213486252e-05
2.517727369315767021e+02 2.060396302592435234e+02 7.083156254426972503e-05
2.517979175520611932e+02 2.060004958209378003e+02 0.000000000000000000e+00
2.518307125655192067e+02 2.060497945884686146e+02 7.083156254426972503e-05
2.518559640175662366e+02 2.060893540161495991e+02 4.958209378098881294e-04
2.519143292251027049e+02 2.061573523161920889e+02 1.416631250885394501e-04
2.519008358124380322e+02 2.061690749397931768e+02 7.083156254426972503e-05
2.518847924635217339e+02 2.061147825471029762e+02 6.020682816262926899e-04
2.518218940359824387e+02 2.060303513245502245e+02 5.312367190820229106e-04
2.518733531661708582e+02 2.060734523303584069e+02 6.728998441705623607e-04
2.519269018274543157e+02 2.061247343816404509e+02 6.020682816262926899e-04
2.520154766964159307e+02 2.062031095055957053e+02 7.083156254426972503e-04
2.520704774047315482e+02 2.063568848278792984e+02 1.062473438164045875e-04
2.521650021249468807e+02 2.065222765264201712e+02 2.833262501770789001e-04
2.521723331916702193e+02 2.065959059356849536e+02 6.374840628984275795e-04
2.521755206119846946e+02 2.067171695707607171e+02 7.791471879869670296e-04
2.521958492704349055e+02 2.067777305567360884e+02 9.916418756197762589e-04
2.522152925343532957e+02 2.068311729706757376e+02 1.487462813429664280e-03
2.521743164754214490e+02 2.069165604193228489e+02 1.841620626151012959e-03
2.521936180762147615e+02 2.071246989658591815e+02 1.558294375973934059e-03
2.522472729848420556e+02 2.072321858620201169e+02 1.239552344524720269e-03
2.522346649667091754e+02 2.072411106389006932e+02 3.541578127213486252e-04
2.520219932001699874e+02 2.066289488596118531e+02 7.083156254426972503e-05
2.516178283042924022e+02 2.055216390423572648e+02 0.000000000000000000e+00
2.515149454596968326e+02 2.051189970250743784e+02 0.000000000000000000e+00
2.514926689332766614e+02 2.049159583510412119e+02 0.000000000000000000e+00
2.514783255418614658e+02 2.048551494545969547e+02 0.000000000000000000e+00
2.514699674174812287e+02 2.048823487746139733e+02 2.124946876328091751e-04
2.514721631959201034e+02 2.048822779430514345e+02 2.124946876328091751e-04
2.515049582093780884e+02 2.048980733814987900e+02 4.249893752656183502e-04
2.515294659300184037e+02 2.048863153421164611e+02 2.833262501770789001e-04
2.515084643717240453e+02 2.047804575718940328e+02 5.312367190820229106e-04
2.515386032015866249e+02 2.048060631817537853e+02 4.604051565377532398e-04
2.515530174245643877e+02 2.047387377815554714e+02 5.666525003541578002e-04
2.515815979600509991e+02 2.047688766114180510e+02 3.187420314492137897e-04
2.516346508003966562e+02 2.048045048873778171e+02 1.416631250885394501e-03
2.516786726165179289e+02 2.048760093497662638e+02 1.558294375973934059e-03
2.517932780847145580e+02 2.049865420031165968e+02 1.558294375973934059e-03
2.518579473013174663e+02 2.051079827170987357e+02 0.000000000000000000e+00
2.519111772205694990e+02 2.051858620201161614e+02 0.000000000000000000e+00
2.519403952401189883e+02 2.052445459696840828e+02 0.000000000000000000e+00
2.519338079048023928e+02 2.053056736081597933e+02 0.000000000000000000e+00
2.520353449497095824e+02 2.054412098030882703e+02 0.000000000000000000e+00
2.520897790055248606e+02 2.055881498795863536e+02 0.000000000000000000e+00
2.520920101997450047e+02 2.057762430939226590e+02 2.124946876328091751e-04
2.521429026774330566e+02 2.059957146904660590e+02 2.479104689049440647e-04
2.521765830854228625e+02 2.060475279784672011e+02 9.916418756197762589e-04
2.519429097605893162e+02 2.055187703640742427e+02 3.895735939934835148e-04
2.516428318458705178e+02 2.044369953251168681e+02 0.000000000000000000e+00
2.516121617792888401e+02 2.043604264060065248e+02 3.541578127213486252e-05
2.515857770222411034e+02 2.042970675733106702e+02 3.541578127213486252e-05
2.516480733814987900e+02 2.042560915143787952e+02 1.416631250885394501e-04
2.517783680407989664e+02 2.050478113047173849e+02 5.666525003541578002e-04
2.518590097747556342e+02 2.051370944893044452e+02 6.020682816262926899e-04
2.518975067289984509e+02 2.053601784955376104e+02 8.499787505312367004e-04
2.518551494545969547e+02 2.055571964867544921e+02 3.895735939934835148e-04
2.518835529111772189e+02 2.056701374132313447e+02 3.895735939934835148e-04
2.519032440855645234e+02 2.057403314917127091e+02 1.097889219436180711e-03
2.520053123671908111e+02 2.058549015441280687e+02 1.629125938518203622e-03
2.520832625017707755e+02 2.059674174812296314e+02 8.145629692591018108e-04
2.521263635075789864e+02 2.060667587476979747e+02 1.239552344524720269e-03
2.521855432780847082e+02 2.062310525570194102e+02 1.452047032157529390e-03
2.521953180337158358e+02 2.065676087264484977e+02 1.097889219436180711e-03
2.522730202578268859e+02 2.067080677149737937e+02 1.983283751239552518e-03
2.522577914718798695e+02 2.070287221986116890e+02 1.735373282334608290e-03
2.523386457005241539e+02 2.071461963450913686e+02 4.143646408839778833e-03
2.523635429947584612e+02 2.072906573169004218e+02 5.170704065731689981e-03
2.523084360390990355e+02 2.076422651933701786e+02 1.912452188695282522e-03
2.523550077914718770e+02 2.077398002549936393e+02 3.152004533220002791e-03
2.523538390706899008e+02 2.079131250885394593e+02 4.214477971384049046e-03
2.522706828162629336e+02 2.082708244793880112e+02 4.320725315200453498e-03
2.522656183595410084e+02 2.084296642583935295e+02 4.533220002833262402e-03
2.522262360107663994e+02 2.086500920810313175e+02 4.958209378098881077e-03
2.521478254710299041e+02 2.085357699390848438e+02 4.001983283751239275e-03
2.519829650092081010e+02 2.077029678424705992e+02 1.558294375973934059e-03
2.518182816262926735e+02 2.070018770364074214e+02 0.000000000000000000e+00
2.517247839637342395e+02 2.068634721631959223e+02 4.604051565377532398e-04
2.517115738773197222e+02 2.068635784105397306e+02 4.604051565377532398e-04
2.517471313217169495e+02 2.068584785380365361e+02 4.958209378098881294e-04
2.517294942626434420e+02 2.068096755914435505e+02 4.958209378098881294e-04
2.518206898994191931e+02 2.068116234594135108e+02 7.437314067148321399e-04
2.518617367899135786e+02 2.068941776455588695e+02 3.895735939934835148e-04
2.519088397790055183e+02 2.069591301884119616e+02 3.895735939934835148e-04
2.519457076073098278e+02 2.070422510270576595e+02 5.666525003541578002e-04
2.519729777588893569e+02 2.070798625867686553e+02 5.312367190820229106e-04
2.520852812013033031e+02 2.072103343249752072e+02 1.416631250885394501e-03
2.521834891627709396e+02 2.073802238277376375e+02 1.487462813429664280e-03
2.522775534778297128e+02 2.075301388298625795e+02 2.231194220144496528e-03
2.522239694007649859e+02 2.078081881286301211e+02 3.435330783397081908e-03
2.522382419606176427e+02 2.080108372290692671e+02 3.576993908485621033e-03
2.521349341266468400e+02 2.084809108938943325e+02 1.487462813429664280e-03
2.522211361382632049e+02 2.086983637909052334e+02 6.020682816262926899e-04
2.522815200453322007e+02 2.089204915710440673e+02 2.479104689049440647e-04
2.523042923926901722e+02 2.091383340416489602e+02 7.791471879869670296e-04
2.522374273976483892e+02 2.093303584077064841e+02 1.062473438164045821e-03
2.522802804929876856e+02 2.095036832412523040e+02 2.620767814137980097e-03
2.522402960759314396e+02 2.097745077206403153e+02 2.868678283042924108e-03
2.522512749681257844e+02 2.100534424139396492e+02 1.310383907068990049e-03
2.520670774897294280e+02 2.106926618501204018e+02 0.000000000000000000e+00
2.521317821221136057e+02 2.107318671199886637e+02 0.000000000000000000e+00
2.521841620626151155e+02 2.107842470604901450e+02 0.000000000000000000e+00
2.521288780280492858e+02 2.107244298059215168e+02 0.000000000000000000e+00
2.518809675591443522e+02 2.103892548519620220e+02 0.000000000000000000e+00
2.518648533786655435e+02 2.099939084856212048e+02 0.000000000000000000e+00
2.518998441705624032e+02 2.098708032299192610e+02 6.374840628984275795e-04
2.519867544978042133e+02 2.098414081314633677e+02 6.374840628984275795e-04
2.520267743306417287e+02 2.098415497945884738e+02 1.416631250885394501e-04
2.520119351182887044e+02 2.098245856353591137e+02 0.000000000000000000e+00
2.520811021391131987e+02 2.099002691599376647e+02 0.000000000000000000e+00
2.521161991783538667e+02 2.099513033007508227e+02 0.000000000000000000e+00
2.521447797138404781e+02 2.099900835812437947e+02 3.541578127213486252e-05
2.521626646833829284e+02 2.100255347782972137e+02 1.416631250885394501e-04
2.521853307833970916e+02 2.100391344383057231e+02 2.124946876328091751e-04
2.521864286726165290e+02 2.100493341833120837e+02 2.124946876328091751e-04
2.522404377390565173e+02 2.101516503754072858e+02 3.187420314492137897e-04
2.523090735231619135e+02 2.102905864853378546e+02 3.895735939934835148e-04
2.523715469613259756e+02 2.103595764272559734e+02 1.239552344524720269e-03
2.522387731973367409e+02 2.106386881994616829e+02 4.249893752656183502e-04
2.523018841195636810e+02 2.108464371724040234e+02 2.833262501770789001e-04
2.522762785097039284e+02 2.110384261226802778e+02 1.947867969967417411e-03
2.522872928176795710e+02 2.111463380082164747e+02 3.895735939934834823e-03
2.522900552486187848e+02 2.112326816829579172e+02 1.133305000708315600e-03
2.523244085564527666e+02 2.112929593426831048e+02 1.345799688341124721e-03
2.523339354016149514e+02 2.113557869386598611e+02 1.699957501062473401e-03
2.523641804788213676e+02 2.115153350332908246e+02 4.249893752656183502e-04
2.523712636350757919e+02 2.115418260376823980e+02 6.020682816262926899e-04
2.523735656608584748e+02 2.115820937809887994e+02 8.145629692591018108e-04
2.520003187420314532e+02 2.104105751522878620e+02 4.958209378098881294e-04
2.519445743023091211e+02 2.102497875053123551e+02 2.124946876328091751e-04
2.519398640033999186e+02 2.093401331633375833e+02 0.000000000000000000e+00
2.518196982575435641e+02 2.090958705199036558e+02 0.000000000000000000e+00
2.517875407281484570e+02 2.089770151579543835e+02 1.133305000708315600e-03
2.517689120271993204e+02 2.089174458138546413e+02 5.666525003541578002e-04
2.518344312225527801e+02 2.088670845728856875e+02 1.097889219436180711e-03
2.518734594135146665e+02 2.087765618359541122e+02 1.097889219436180711e-03
2.518858549369599018e+02 2.087943405581527259e+02 1.097889219436180711e-03
2.518787363649242081e+02 2.087856636917410356e+02 1.877036407423147849e-03
2.518264626717665351e+02 2.086119847003824930e+02 1.274968125796855159e-03
2.518443830570902264e+02 2.086034140813146394e+02 1.452047032157529390e-03
2.517973508995608540e+02 2.085644567219152918e+02 1.593710157246068949e-03
2.518279855503612339e+02 2.085938872361524261e+02 2.054115313783821863e-03
2.518695282617934481e+02 2.086639042357274434e+02 2.266610001416631201e-03
2.519037044907210543e+02 2.086639396515087128e+02 2.797846720498654328e-03
2.519060773480663045e+02 2.086578127213486198e+02 3.045757189403598339e-03
2.519749964584218844e+02 2.087085989516928635e+02 3.931151721206969929e-03
2.520400198328375154e+02 2.088080464655050150e+02 5.135288284459554875e-03
2.520639963167587609e+02 2.088898923360249285e+02 4.285309533928318391e-03
2.520938164045898873e+02 2.089538886527836894e+02 4.037399065023374381e-03
2.521228927610142989e+02 2.089822566935826558e+02 2.868678283042924108e-03
2.521283113755489467e+02 2.089933418331208372e+02 2.337441563960900980e-03
2.521622042782263691e+02 2.090516362090947666e+02 6.126930160079330917e-03
2.522142300609151562e+02 2.091351112055531871e+02 4.533220002833262402e-03
2.521910327241818948e+02 2.091747414647967105e+02 3.506162345941351254e-03
2.521602918260376782e+02 2.092034282476271301e+02 3.187420314492137897e-03
2.520112976342257980e+02 2.089128417622892755e+02 3.081172970675733012e-03
2.517645558861028405e+02 2.080898852528686689e+02 4.568635784105397508e-03
2.516946805496529294e+02 2.075881498795863536e+02 4.533220002833262402e-03
2.517043844737214897e+02 2.073553973650658691e+02 5.099872503187420636e-03
2.520422864428389289e+02 2.064464513387165425e+02 0.000000000000000000e+00
2.520251097889219523e+02 2.064257331066723395e+02 0.000000000000000000e+00
2.520382136279926328e+02 2.064204207394815000e+02 0.000000000000000000e+00
2.520361949284601337e+02 2.063965859186853606e+02 7.083156254426972503e-05
2.520366199178353952e+02 2.064086272843179017e+02 1.062473438164045875e-04
2.520159371015724616e+02 2.063852528686782932e+02 0.000000000000000000e+00
2.519548802946592900e+02 2.063013882986258807e+02 1.062473438164045875e-04
2.519885607026490959e+02 2.063328020966142446e+02 2.124946876328091751e-04
2.519880648817112956e+02 2.063298980025499247e+02 2.479104689049440647e-04
2.520530174245643877e+02 2.063591514378807119e+02 5.666525003541578002e-04
2.520566652500354223e+02 2.063822071114888672e+02 7.083156254426972503e-04
2.520483071256551852e+02 2.063581243802238419e+02 4.249893752656183502e-04
2.520592860178495584e+02 2.063702365774188934e+02 6.020682816262926899e-04
2.520013812154696211e+02 2.063277730556736174e+02 1.027057656891910932e-03
2.520509987250318602e+02 2.063675449780422184e+02 9.562260943476412608e-04
2.520850332908343887e+02 2.064004462388440402e+02 1.310383907068990049e-03
2.520751877036407507e+02 2.063934339141521548e+02 1.452047032157529390e-03
2.521356424422722853e+02 2.064707819804504823e+02 1.416631250885394501e-03
2.521771143221419607e+02 2.065785167870803321e+02 9.208103130755064796e-04
2.521651437880719584e+02 2.066398569202436590e+02 7.437314067148321399e-04
2.522215965434197358e+02 2.066895452613684654e+02 9.208103130755064796e-04
2.522124592718515430e+02 2.067767743306417287e+02 1.310383907068990049e-03
2.522283255418614658e+02 2.068484558719365225e+02 7.791471879869670296e-04
2.522120342824762815e+02 2.068839070689899415e+02 1.983283751239552518e-03
2.522050219577843961e+02 2.069890211078056268e+02 2.124946876328091643e-03
2.522071469046607035e+02 2.069911460546819626e+02 1.735373282334608290e-03
2.520023728573452217e+02 2.066503754072814729e+02 4.958209378098881294e-04
2.517505312367190697e+02 2.062179487179487296e+02 1.062473438164045875e-04
2.516680832979175477e+02 2.059305850687066197e+02 7.083156254426972503e-05
2.516128346791330159e+02 2.058467204986542072e+02 3.541578127213486252e-04
2.516127992633517465e+02 2.057524791046890584e+02 0.000000000000000000e+00
2.515554611134721767e+02 2.056580252160362647e+02 0.000000000000000000e+00
2.515417906219011286e+02 2.054150021249468807e+02 2.833262501770789001e-04
2.516010412239693892e+02 2.053366978325541936e+02 5.666525003541578002e-04
2.516367049157104532e+02 2.053156962742598068e+02 5.666525003541578002e-04
2.516843037257401932e+02 2.053032299192520327e+02 3.187420314492137897e-04
2.516513316333758326e+02 2.051922014449638709e+02 6.374840628984275795e-04
2.516481442130613289e+02 2.052150800396656791e+02 7.791471879869670296e-04
2.516467629975917362e+02 2.052206403173254046e+02 7.791471879869670296e-04
2.517022949426264233e+02 2.052336733248335463e+02 8.145629692591018108e-04
2.517342045615526160e+02 2.052631746706332478e+02 9.916418756197762589e-04
2.517688411956367815e+02 2.052982717098739158e+02 1.558294375973934059e-03
2.517665745856353681e+02 2.053614180478821254e+02 1.593710157246068949e-03
2.518284105397364954e+02 2.054240331491712652e+02 1.912452188695282522e-03
2.519110709732256623e+02 2.055352741181470435e+02 1.912452188695282522e-03
2.519731902535770018e+02 2.056144283892902536e+02 2.337441563960900980e-03
2.519941918118713602e+02 2.056670916560419187e+02 1.664541719790338511e-03
2.520445530528403424e+02 2.057596685082872909e+02 1.629125938518203622e-03
2.519957855220286262e+02 2.058839779005524804e+02 1.983283751239552518e-03
2.520912310525570206e+02 2.059512324691882839e+02 2.620767814137980097e-03
2.521072035699107516e+02 2.061050786230344158e+02 3.293667658308542349e-03
2.521348632950843012e+02 2.061591939368182409e+02 1.664541719790338511e-03
2.521271426547669705e+02 2.062790055248618728e+02 2.337441563960900980e-03
2.521899702507437269e+02 2.063924422722765257e+02 3.966567502479105035e-03
2.522526915993766750e+02 2.064736860745148022e+02 1.841620626151012959e-03
2.522558081881286398e+02 2.066285238702365916e+02 2.089531095055956970e-03
2.522675662275109687e+02 2.066266822496104396e+02 2.727015157954384549e-03
2.520487675308117161e+02 2.064163479246352040e+02 2.549936251593710318e-03
2.518354228644283808e+02 2.061006162345941277e+02 3.895735939934835148e-04
2.518331916702082367e+02 2.060046748831279331e+02 1.770789063606743126e-04
2.517566935826604322e+02 2.057435189120272128e+02 2.479104689049440647e-04
2.517392690182745412e+02 2.057260943476413217e+02 2.479104689049440647e-04
2.517768451622042676e+02 2.057602705765689279e+02 2.833262501770789001e-04
2.518307833970817455e+02 2.057870094914293873e+02 5.666525003541578002e-04
2.518944609718090248e+02 2.058396373423997829e+02 5.666525003541578002e-04
2.519133729990083452e+02 2.058585493695991033e+02 9.562260943476412608e-04
2.519494970959059401e+02 2.058935401614959630e+02 2.479104689049440647e-04
2.519530032582518686e+02 2.059029961750956090e+02 1.027057656891910932e-03
2.519902960759314396e+02 2.059618217877886366e+02 9.916418756197762589e-04
2.520177078906360748e+02 2.059892336024932717e+02 1.239552344524720269e-03
2.520528403456580122e+02 2.060516362090947666e+02 9.562260943476412608e-04
2.521155262785096909e+02 2.061687207819804541e+02 2.549936251593710318e-03
2.521721206969825744e+02 2.062811304717382086e+02 3.258251877036407243e-03
2.521488171129055047e+02 2.064394390140246571e+02 2.302025782688766307e-03
2.522220215327950257e+02 2.065687420314492044e+02 3.116588751947868118e-03
2.522065094205978255e+02 2.067361170137413353e+02 3.399915002124946801e-03
2.522458917693724345e+02 2.068898923360249285e+02 3.541578127213486360e-03
2.522838220711148836e+02 2.070910185578693756e+02 6.162345941351466024e-03
2.522321858620201169e+02 2.073047882136280009e+02 7.862303442413939858e-03
2.522514874628134294e+02 2.074627780138829962e+02 7.366482504604051837e-03
2.522900552486187848e+02 2.075764272559852657e+02 8.216461255135287453e-03
2.522907989800254995e+02 2.076973013174670655e+02 1.055390281909618887e-02
2.522360107663974986e+02 2.079173749822921025e+02 1.005808188128630085e-02
2.520561694290975936e+02 2.082316546253010472e+02 1.416631250885394501e-03
2.521447442980592086e+02 2.083847216319591951e+02 1.629125938518203622e-03
2.520875478113047166e+02 2.086192803513245622e+02 1.416631250885394501e-03
2.521016432922510262e+02 2.086842328941776543e+02 1.522878594701799169e-03
2.520546465505028948e+02 2.085959413514662231e+02 1.239552344524720269e-03
2.519011899702507549e+02 2.083699532511687096e+02 9.208103130755064796e-04
2.517912239694007610e+02 2.081357486896160935e+02 7.791471879869670296e-04
2.517484417056240318e+02 2.080494758464371614e+02 5.666525003541578002e-04
2.517684162062615201e+02 2.080167516645417152e+02 2.124946876328091751e-04
2.517894885961184173e+02 2.080480237994050015e+02 1.770789063606743126e-04
2.518535911602209865e+02 2.080784105397364954e+02 4.958209378098881294e-04
2.519118501204136464e+02 2.080669712423856197e+02 6.020682816262926899e-04
2.519759881002974851e+02 2.081339424847712110e+02 8.853945318033715900e-04
2.518895381782122058e+02 2.080469259101855926e+02 5.666525003541578002e-04
2.519268309958917769e+02 2.079111063890069317e+02 0.000000000000000000e+00
2.519949355432780749e+02 2.079615384615384528e+02 3.187420314492137897e-04
2.520005666525003676e+02 2.079365703357416066e+02 3.541578127213486252e-05
2.520128205128205252e+02 2.079416702082448012e+02 1.062473438164045875e-04
2.520614463805071637e+02 2.079890919393681941e+02 1.062473438164045875e-04
2.520592151862870196e+02 2.080138829862586647e+02 1.062473438164045875e-04
2.520632525853520463e+02 2.080643858903527530e+02 1.416631250885394501e-04
2.521415214619634639e+02 2.081403881569627288e+02 3.187420314492137897e-04
2.521562544269726516e+02 2.081861453463663452e+02 4.249893752656183502e-04
2.521418402039948887e+02 2.082084572885677858e+02 3.187420314492137897e-04
2.521326675166454265e+02 2.082576143929735224e+02 3.187420314492137897e-04
2.521596189261935024e+02 2.083035132455021881e+02 4.958209378098881294e-04
2.521590522736931632e+02 2.083590451905369036e+02 4.958209378098881294e-04
2.521845516362091075e+02 2.083822779430514345e+02 6.728998441705623607e-04
2.521784601218302839e+02 2.083808258960192745e+02 1.770789063606743126e-04
2.521905014874628250e+02 2.083927255985267095e+02 3.541578127213486252e-05
2.522377107238985730e+02 2.084490012749681398e+02 7.083156254426972503e-05
2.522396940076498026e+02 2.084749256268593172e+02 3.187420314492137897e-04
2.521679770505737395e+02 2.084128417622892755e+02 3.187420314492137897e-04
2.520657316900410763e+02 2.081861453463663452e+02 0.000000000000000000e+00
2.519250247910468943e+02 2.072217382065448419e+02 1.274968125796855159e-03
2.517846720498654065e+02 2.067149737923218709e+02 6.374840628984275795e-04
2.517699036690749494e+02 2.066934055815271165e+02 0.000000000000000000e+00
2.519327100155829555e+02 2.061904660716815272e+02 1.274968125796855159e-03
2.519514449638759004e+02 2.062092010199745005e+02 1.274968125796855159e-03
2.519678778863861623e+02 2.062256339424847624e+02 1.310383907068990049e-03
2.519634154979458742e+02 2.062891698540869925e+02 1.381215469613259611e-03
2.519749964584218844e+02 2.063061340133163242e+02 1.416631250885394501e-03
2.519581385465363326e+02 2.062831137554894383e+02 1.274968125796855159e-03
2.518775676441422320e+02 2.061764768380790542e+02 2.160362657600226749e-03
2.519162770930726651e+02 2.062151862870094874e+02 2.124946876328091643e-03
2.518563181753789593e+02 2.061828516787080332e+02 2.124946876328091643e-03
2.518833050007083045e+02 2.062098385040374069e+02 3.329083439580677022e-03
2.518528120130330024e+02 2.061520753647825472e+02 2.018699532511687190e-03
2.518804363224252825e+02 2.061525003541578087e+02 2.231194220144496528e-03
2.518996316758747582e+02 2.061687207819804541e+02 2.231194220144496528e-03
2.519310808896444200e+02 2.062221277801388339e+02 2.160362657600226749e-03
2.519472304859045266e+02 2.062375690607734668e+02 2.195778438872361422e-03
2.519794942626434420e+02 2.062942697265901586e+02 2.762430939226519222e-03
2.520468196628417559e+02 2.063630117580393915e+02 2.939509845587193453e-03
2.520896019266185135e+02 2.063976483921235285e+02 3.116588751947868118e-03
2.521068139963167596e+02 2.064477263068423269e+02 3.045757189403598339e-03
2.521223261085139598e+02 2.064632384190395271e+02 3.081172970675733012e-03
2.521530670066581763e+02 2.065171412381357072e+02 3.541578127213486360e-03
2.521799475846437133e+02 2.065984204561552531e+02 3.222836095764272570e-03
2.522352670349907839e+02 2.066860390990225369e+02 4.214477971384049046e-03
2.522413939651508770e+02 2.068292251027057773e+02 1.983283751239552518e-03
2.521990721065306786e+02 2.069053336166595898e+02 2.302025782688766307e-03
2.522252797846720398e+02 2.069769443263918447e+02 1.735373282334608290e-03
2.521495962600934888e+02 2.067647683807904855e+02 1.558294375973934059e-03
2.518905652358691043e+02 2.062400481654625253e+02 2.479104689049440647e-04
2.516648250460405052e+02 2.055167870803229846e+02 0.000000000000000000e+00
2.516307904802380051e+02 2.054521532795013457e+02 0.000000000000000000e+00
2.516499150021249420e+02 2.054435118288709532e+02 0.000000000000000000e+00
2.516475775605609897e+02 2.054219082022949294e+02 0.000000000000000000e+00
2.516843391415214626e+02 2.053253647825470978e+02 0.000000000000000000e+00
2.516811871369882283e+02 2.052848137129905126e+02 1.133305000708315600e-03
2.516925556027765936e+02 2.052825825187703686e+02 1.133305000708315600e-03
2.516461963450913686e+02 2.050956934409973087e+02 7.437314067148321399e-04
2.516402110780563817e+02 2.049877107238985730e+02 3.187420314492137897e-04
2.515734523303584069e+02 2.048775322283609626e+02 1.062473438164045875e-04
2.515888581952117988e+02 2.048687136988241946e+02 1.062473438164045875e-04
2.515892831845870603e+02 2.048538390706899008e+02 1.416631250885394501e-04
2.516455234452471927e+02 2.049117792888511076e+02 2.124946876328091751e-04
2.516421235302450725e+02 2.049374911460546684e+02 3.187420314492137897e-04
2.517174174812296314e+02 2.049688695282617914e+02 3.895735939934835148e-04
2.517311233885819490e+02 2.049854086981158900e+02 4.249893752656183502e-04
2.517998654200311535e+02 2.050400198328375154e+02 6.020682816262926899e-04
2.518191316050431965e+02 2.050472092364357479e+02 1.097889219436180711e-03
2.518800821646125598e+02 2.051113118005383171e+02 1.452047032157529390e-03
2.518449851253718634e+02 2.051803371582377054e+02 1.735373282334608290e-03
2.518863861736790000e+02 2.052376753081173035e+02 1.983283751239552518e-03
2.519048023799404916e+02 2.052870449072106567e+02 1.983283751239552518e-03
2.519005170704065790e+02 2.053431435047457114e+02 2.727015157954384549e-03
2.519488241960617643e+02 2.053943193086839472e+02 3.187420314492137897e-03
2.519534990791896973e+02 2.054049440430655977e+02 2.124946876328091643e-03
2.519536761580960444e+02 2.054601218302875623e+02 2.762430939226519222e-03
2.519626363507578901e+02 2.055035061623459285e+02 2.797846720498654328e-03
2.519618217877886366e+02 2.055104830712565445e+02 2.372857345233035653e-03
2.518845445530528480e+02 2.054188978608868013e+02 1.841620626151012959e-03
2.517060490154412946e+02 2.047326816829579172e+02 7.437314067148321399e-04
2.515404094064315075e+02 2.042944822212778035e+02 2.479104689049440647e-04
2.515285451197053419e+02 2.042092364357557699e+02 2.479104689049440647e-04
2.517559498512537175e+02 2.038233814987958681e+02 5.312367190820229106e-04
2.517594914293809438e+02 2.038269230769230660e+02 5.312367190820229106e-04
2.518888652783680300e+02 2.056127638475704771e+02 2.337441563960900980e-03
2.519264414222977848e+02 2.057927822637767292e+02 2.797846720498654328e-03
2.519358620201161614e+02 2.058579473013174663e+02 5.064456721915285529e-03
2.519526845162204154e+02 2.059197478396373526e+02 5.808188128630117561e-03
2.519259456013599561e+02 2.059827525145204845e+02 6.516503754072814486e-03
2.519324975208953106e+02 2.059881711290551038e+02 8.428955942768098092e-03
2.519555886102847353e+02 2.060390281909618864e+02 9.137271568210795017e-03
2.520422156112763901e+02 2.061307904802380051e+02 1.005808188128630085e-02
2.520882561269301618e+02 2.062740473154837844e+02 1.016432922510270530e-02
2.521258322708598882e+02 2.064451763705907297e+02 7.295650942059781624e-03
2.521536690749397849e+02 2.065039311517212184e+02 7.401898285876186076e-03
2.521735373282334649e+02 2.067628559286017946e+02 7.047740473154837614e-03
2.522212069698257437e+02 2.069225811021391053e+02 3.470746564669216581e-03
2.522772701515795575e+02 2.070932143363082503e+02 3.931151721206969929e-03
2.523631180053831997e+02 2.072966779997166782e+02 2.762430939226519222e-03
2.523788780280492858e+02 2.075066935826604322e+02 1.062473438164045821e-03
2.523398498370873995e+02 2.077400835812437947e+02 2.372857345233035653e-03
2.523219648675449776e+02 2.080314137979883924e+02 2.372857345233035653e-03
2.523066298342541529e+02 2.082226944326391731e+02 2.691599376682249443e-03
2.522316900410823166e+02 2.085386032015866249e+02 2.195778438872361422e-03
2.521192803513245622e+02 2.088183170420739430e+02 2.195778438872361422e-03
2.521545544694716057e+02 2.089039524011899687e+02 2.054115313783821863e-03
2.521695707607309771e+02 2.091186428672616557e+02 2.337441563960900980e-03
2.521907139821504416e+02 2.092265901685791221e+02 3.364499220852812129e-03
2.520485550361240996e+02 2.090886457005241539e+02 2.691599376682249443e-03
2.518002195778438761e+02 2.083115526278509719e+02 2.833262501770789001e-04
2.517429168437455758e+02 2.077677787221986137e+02 1.062473438164045875e-04
2.517753576993908382e+02 2.077412877178070687e+02 2.479104689049440647e-04
2.518090735231619135e+02 2.077761368465788223e+02 2.479104689049440647e-04
2.518695282617934481e+02 2.078569910752231067e+02 2.479104689049440647e-04
2.519197124238560832e+02 2.079520824479388068e+02 5.312367190820229106e-04
2.520133517495395949e+02 2.081989304434055725e+02 8.145629692591018108e-04
2.521055036124096773e+02 2.082978821362799238e+02 1.416631250885394501e-03
2.520556027765972544e+02 2.082632809179770561e+02 1.487462813429664280e-03
2.520805000708315617e+02 2.082966779997166782e+02 1.947867969967417411e-03
2.520624026066014949e+02 2.082614392973509041e+02 1.841620626151012959e-03
2.520684232894177512e+02 2.082510270576568985e+02 5.666525003541578002e-04
2.521114534636633948e+02 2.082995820937809981e+02 6.020682816262926899e-04
2.521534919960334378e+02 2.084162770930726651e+02 7.083156254426972503e-04
2.521617084572885688e+02 2.084971667374982189e+02 7.083156254426972503e-04
2.522012324691882839e+02 2.085899560844312361e+02 6.728998441705623607e-04
2.522145842187278788e+02 2.086271072389857011e+02 1.133305000708315600e-03
2.522438022382773681e+02 2.086999575010624710e+02 7.791471879869670296e-04
2.521874557302733990e+02 2.087643079756339546e+02 7.437314067148321399e-04
2.521715186287009374e+02 2.087483708740614929e+02 8.499787505312367004e-04
2.521116659583510398e+02 2.087043844737214897e+02 9.208103130755064796e-04
2.520698045048873723e+02 2.086557231902535818e+02 8.853945318033715900e-04
2.520355928601784967e+02 2.085845374698965884e+02 5.312367190820229106e-04
2.519974500637484027e+02 2.085483779572177241e+02 4.604051565377532398e-04
2.519468409123105346e+02 2.084290621901119209e+02 4.249893752656183502e-04
2.518968338291542750e+02 2.083542640600651623e+02 1.416631250885394501e-04
2.517924635217452760e+02 2.070704065731690093e+02 0.000000000000000000e+00
2.517237569060773410e+02 2.061385465363366052e+02 0.000000000000000000e+00
2.517053761155971188e+02 2.059863649242102213e+02 7.083156254426972503e-04
2.516235302450772053e+02 2.058606034849128719e+02 7.083156254426972503e-04
2.516358195211786324e+02 2.058114109647258942e+02 1.274968125796855159e-03
2.516570689899419051e+02 2.057646621334466772e+02 1.345799688341124721e-03
2.516908556452755477e+02 2.058343603909902129e+02 2.195778438872361422e-03
2.518598243377248878e+02 2.055964725881852928e+02 2.124946876328091751e-04
2.518919464513387254e+02 2.056274613967984237e+02 2.479104689049440647e-04
2.519041294800963442e+02 2.056151367049156988e+02 5.312367190820229106e-04
2.519222623601076521e+02 2.056366694999291553e+02 8.145629692591018108e-04
2.519281413797988307e+02 2.056454526136846539e+02 9.562260943476412608e-04
2.519782901260801680e+02 2.057255631109222236e+02 8.853945318033715900e-04
2.520616942909760496e+02 2.058310667233319293e+02 1.310383907068990049e-03
2.521675874769797474e+02 2.060419322850262063e+02 1.381215469613259611e-03
2.522289630259243438e+02 2.061368819946168003e+02 1.558294375973934059e-03
2.522113259668508363e+02 2.063808967275818134e+02 3.541578127213486360e-03
2.522245006374840557e+02 2.064675591443547376e+02 3.506162345941351254e-03
2.522258818529536768e+02 2.065484133729990219e+02 2.408273126505170759e-03
2.522231548377957324e+02 2.066692166029182545e+02 2.833262501770789001e-03
2.522708598951692807e+02 2.067902677433064298e+02 3.895735939934834823e-03
2.521975492279359798e+02 2.070528049298767428e+02 3.895735939934834823e-03
2.522666454171979069e+02 2.071871369882419742e+02 3.258251877036407243e-03
2.522152571185720262e+02 2.074379515512112278e+02 3.860320158662700150e-03
2.521759456013599561e+02 2.076189261935118395e+02 4.426972659016857950e-03
2.521656041932284893e+02 2.076204844878878077e+02 4.249893752656183285e-03
2.518535203286584476e+02 2.071628417622892755e+02 2.762430939226519222e-03
2.516240968975775729e+02 2.059854086981158900e+02 0.000000000000000000e+00
2.516046182178778849e+02 2.057500354157812694e+02 0.000000000000000000e+00
2.516332695849270351e+02 2.057866199178353952e+02 0.000000000000000000e+00
2.516561835954101127e+02 2.058072673183170309e+02 0.000000000000000000e+00
2.517119988666950121e+02 2.058580535486612746e+02 3.541578127213486252e-05
2.517406856495254317e+02 2.058912735514945496e+02 7.083156254426972503e-05
2.517719577843887180e+02 2.059496033432497484e+02 7.083156254426972503e-05
2.518507933135005032e+02 2.060292888511120566e+02 2.124946876328091751e-04
2.519135854936959902e+02 2.061566794163479130e+02 3.541578127213486252e-04
2.519153916985408728e+02 2.061494191811871417e+02 1.274968125796855159e-03
2.519391911035557428e+02 2.061555106955659369e+02 1.310383907068990049e-03
2.520113684657883653e+02 2.062299546677999729e+02 1.593710157246068949e-03
2.520239410681399761e+02 2.063497662558436048e+02 1.699957501062473401e-03
2.521059994333475061e+02 2.064330995891769476e+02 1.947867969967417411e-03
2.521599376682249556e+02 2.065640671483212998e+02 2.585352032865844991e-03
2.521396798413373119e+02 2.067266964159229303e+02 3.010341408131463233e-03
2.521720852812013050e+02 2.068107026491004490e+02 3.754072814846295698e-03
2.522060490154412946e+02 2.069028899277518008e+02 4.285309533928318391e-03
2.522540728148462961e+02 2.070880082164612475e+02 2.443688907777305432e-03
2.523156254426972680e+02 2.072297067573310585e+02 2.408273126505170759e-03
2.522715682107947259e+02 2.075097039240685604e+02 1.770789063606743180e-03
2.522761014307975529e+02 2.076399985833687367e+02 2.160362657600226749e-03
2.523180337158237592e+02 2.077794305142371343e+02 5.170704065731689981e-03
2.522592435189120295e+02 2.080420739481512840e+02 6.764414222977758497e-03
2.521742810596401796e+02 2.081586627000991712e+02 5.808188128630117561e-03
2.521430089247768933e+02 2.081533857486896295e+02 5.524861878453038444e-03
2.520585422864428438e+02 2.078682178778863943e+02 1.522878594701799169e-03
2.518264272559852657e+02 2.069005170704065790e+02 4.249893752656183502e-04
2.517782972092364275e+02 2.066849412098030996e+02 5.312367190820229106e-04
2.518321291967700688e+02 2.067249610426405866e+02 6.374840628984275795e-04
2.518974004816546142e+02 2.067851324550219658e+02 1.027057656891910932e-03
