2.535427516517683557e+02 2.317519108692835914e+02 8.997279440342013102e-01
2.530181370643865648e+02 1.787878611219069853e+02 6.918642311180204230e-01
2.529486656302629797e+02 1.790109794014768738e+02 7.010623137712138631e-01
2.529323746599300478e+02 1.789843891695815614e+02 6.837349397590360978e-01
2.529737012566394583e+02 1.791685127607202901e+02 6.014380101049359162e-01
2.530167443969426131e+02 1.817096774193548470e+02 2.274258323617048827e-01
2.523951936779375558e+02 1.809970527270371861e+02 1.016971110247441440e-01
2.522781772250291397e+02 1.808675670423629924e+02 8.456406270242258771e-02
2.522557326078507458e+02 1.811429913201191937e+02 6.746340199507708246e-02
2.519568596968519216e+02 1.806515416504728648e+02 3.905946366109599999e-02
2.528669516776784576e+02 1.746472664852960293e+02 1.010493587252234669e-02
2.521138424666407616e+02 1.720399663168804238e+02 3.850887420650343090e-02
2.517641857753594934e+02 1.712844928099494837e+02 3.073584661225547271e-02
2.519957896100531229e+02 1.716160124368441586e+02 4.310791553310014401e-02
2.522767845575851879e+02 1.720904262210130753e+02 4.579608757611089431e-02
2.523721013084596336e+02 1.778281513149371733e+02 8.582717968648788040e-03
2.523905622489959910e+02 1.784243749190309529e+02 2.568337867599429850e-02
2.522739668350822626e+02 1.785702811244979955e+02 2.254178002331908362e-02
2.522294338644902325e+02 1.785940536338904110e+02 1.645290840782484901e-02
2.520767910351081866e+02 1.783944811504080974e+02 1.499546573390335598e-02
2.520151250161938208e+02 1.782772055965798756e+02 9.619121647881850173e-03
2.520920779893768611e+02 1.784109664464308764e+02 1.188625469620417131e-02
2.521911517035885595e+02 1.788531221660836934e+02 1.152999093146780604e-02
2.523318435030444391e+02 1.799621064904780496e+02 2.684933281513149361e-02
2.523128643606684705e+02 1.805396424407306597e+02 3.180463790646456679e-02
2.523716802694649459e+02 1.807726713304832344e+02 3.471952325430754938e-02
2.523663039253789293e+02 1.813209288767975238e+02 5.810338126700349826e-02
2.523165241611607712e+02 1.815837867599429956e+02 5.058945459256380256e-02
2.523590814872392798e+02 1.816855486461977023e+02 5.910739733126052498e-02
2.523411711361575271e+02 1.817290128254955164e+02 6.111542945977458535e-02
2.523911128384505673e+02 1.820537634408602230e+02 9.949475320637388154e-02
2.523256898561989772e+02 1.822886060370514372e+02 1.026039642440730731e-01
2.524040031092110326e+02 1.827582264542039070e+02 8.569762922658374915e-02
2.523546443839875622e+02 1.827044630133436840e+02 8.177872781448373984e-02
2.521324653452519726e+02 1.798989506412747801e+02 2.594247959580256446e-02
2.525212138878092958e+02 1.753266290970333046e+02 5.674310143801010453e-02
2.521488210908148631e+02 1.743761497603316570e+02 1.933540614069179792e-02
2.521804314030314913e+02 1.743327179686487796e+02 2.532711491125793496e-02
2.526280282420002550e+02 1.749315325819406723e+02 4.848425961912164461e-02
2.526337284622360357e+02 1.765279181241093340e+02 7.258064516129032751e-02
2.519216219717579861e+02 1.820664593859308127e+02 4.278403938333981416e-02
2.520030120481927725e+02 1.823096903744008159e+02 6.717191346029278975e-02
2.518171071382303410e+02 1.820620870579090536e+02 4.861381007902577933e-02
2.516790063479725461e+02 1.815300557066977660e+02 3.144837414172819978e-02
2.515214082134991713e+02 1.809226259878222436e+02 1.541650472859178687e-02
2.517751327892214022e+02 1.808843114393056055e+02 1.875242907112320209e-02
2.519440018137064499e+02 1.811526104417670808e+02 2.940795439823811266e-02
2.520788638424666317e+02 1.814017359761627119e+02 4.220106231377121486e-02
2.521956211944552422e+02 1.815894545925638113e+02 5.742324135250680139e-02
2.521996696463272372e+02 1.817279116465863353e+02 7.303407177095479208e-02
2.522102280088094233e+02 1.818773804897007267e+02 6.820831713952583975e-02
2.520064127477652676e+02 1.816816297447855959e+02 5.152869542686876192e-02
2.519097033294468133e+02 1.814684544630133303e+02 4.696204171524808596e-02
2.518900440471563797e+02 1.814116141987304047e+02 4.035496826013732635e-02
2.518450900375696335e+02 1.813533812670034990e+02 3.847648659152740069e-02
2.518552597486720970e+02 1.813160383469361250e+02 2.931079155331001510e-02
2.518398756315584990e+02 1.812778857364943690e+02 3.196657598134473172e-02
2.517837802824199969e+02 1.810939240834304940e+02 2.921362870838191406e-02
2.524559204560176227e+02 1.770431726907630434e+02 6.153646845446301104e-03
2.524944617178391013e+02 1.734786565617307872e+02 5.628967482834563996e-02
2.522381785205337508e+02 1.712565746858401212e+02 2.535950252623396864e-02
2.522085114652157074e+02 1.712610441767068323e+02 2.289804378805544716e-02
2.526860992356522786e+02 1.720017489312087093e+02 7.232154424148205807e-02
2.521975968389687921e+02 1.786190244850369311e+02 2.756186034460422415e-02
2.522848166860992478e+02 1.791659865267521639e+02 3.394222049488275494e-02
2.522954074361963990e+02 1.795290516906335085e+02 3.857364943645549826e-02
2.521561406917994645e+02 1.794813771213887890e+02 3.695426868765384204e-02
2.519361316232672721e+02 1.792309884700090663e+02 3.254955305091333101e-02
2.518506607073454973e+02 1.791085308977846751e+02 2.386967223733644367e-02
2.518274711750226800e+02 1.790766938722632347e+02 2.040419743490089546e-02
2.520370838191475684e+02 1.793721013084596336e+02 2.591009198082653078e-02
2.521272509392408381e+02 1.798830807099365074e+02 5.246793626117372822e-02
2.521823422723150543e+02 1.802493198600855067e+02 4.077600725482575378e-02
2.520129550459904237e+02 1.807408019173468006e+02 5.606296152351340767e-02
2.520492291747635818e+02 1.808367988081357680e+02 7.523642958932504066e-02
2.520310273351470300e+02 1.808613810079025654e+02 6.905039512890270847e-02
2.519411517035885595e+02 1.807559269335406213e+02 6.208705790905557492e-02
2.520316750874465583e+02 1.810431726907630434e+02 7.646715895841429966e-02
2.521073001684156054e+02 1.811914755797382952e+02 8.796476227490607203e-02
2.521272185516258446e+02 1.813725871226842798e+02 8.815908796476228104e-02
2.522694001813706564e+02 1.815122101308459719e+02 1.076564321803342439e-01
2.520391890141210069e+02 1.805001619380748821e+02 3.025003238761497446e-02
2.525559010234486266e+02 1.756639137193936904e+02 3.361834434512242509e-02
2.524685840134732473e+02 1.714813123461588305e+02 4.935872522347454355e-02
2.519398561989895029e+02 1.708710325171654461e+02 3.086539707215960743e-02
2.521677030703459081e+02 1.712415792201062175e+02 5.690503951289026946e-02
2.524899598393574252e+02 1.723402966705531867e+02 1.053892991320119210e-01
2.523231312346158859e+02 1.784931662132400447e+02 3.915662650602409756e-02
2.522114263505635563e+02 1.799497020339422306e+02 6.406270242259359815e-02
2.521028954527788528e+02 1.802315066718486776e+02 5.211167249643736121e-02
2.519817009975385531e+02 1.800730016841559689e+02 3.258194066588936122e-02
2.520077406399792608e+02 1.800528565876408891e+02 3.527011270890011846e-02
2.520874465604352963e+02 1.802418059334110580e+02 2.879258971369348316e-02
2.521150731960098597e+02 1.806529667055318100e+02 5.700220235781836703e-02
2.519824459126829765e+02 1.814845187200414500e+02 1.085632853996631730e-01
2.523182083171395220e+02 1.822726065552532759e+02 1.450965150926285807e-01
2.523455758517942797e+02 1.831910869283586010e+02 2.106814354190957306e-01
2.522669063350174952e+02 1.834468519238243402e+02 1.579543982381137468e-01
2.524172496437362270e+02 1.839381720430107521e+02 9.554346417929783508e-02
2.523205078378028361e+02 1.839681305868635945e+02 9.275812929135898721e-02
2.523167832620805768e+02 1.840627995854385404e+02 8.265319341883663185e-02
2.523663039253789293e+02 1.841554929394999363e+02 1.069439046508615099e-01
2.524589325042103951e+02 1.845123396813058605e+02 1.203847648659152753e-01
2.526201256639461121e+02 1.850037245757222308e+02 1.037699183832102579e-01
2.528381267003497896e+02 1.854508032128514117e+02 1.358984324394351684e-01
2.521415014898302900e+02 1.842027464697499681e+02 5.101049358725223692e-02
2.522242194584790695e+02 1.786086604482445921e+02 3.539966316880424624e-02
2.518877121388781006e+02 1.761529667055318100e+02 1.263116984065293380e-02
2.519357429718875494e+02 1.751428941572742701e+02 1.029926156237854704e-02
2.520278533488793755e+02 1.749387226324653568e+02 1.230729369089260221e-02
2.522502267133048406e+02 1.751812734810208667e+02 1.221013084596450290e-02
2.525406464567949172e+02 1.760985878999870522e+02 4.488923435678196516e-02
2.522379194196139451e+02 1.809294921621971639e+02 4.411193159735717073e-02
2.522800557066977660e+02 1.809889558232931677e+02 6.024096385542168641e-02
2.521055512372068961e+02 1.806914431921233302e+02 3.585308977846871081e-02
2.520578766679621765e+02 1.806338256250809593e+02 3.310014250550589315e-02
2.520588482964114405e+02 1.808976227490607585e+02 3.488146132918772124e-02
2.522690439176058987e+02 1.814431921233320395e+02 7.484777820961265038e-02
2.526379388521829128e+02 1.828373817852053378e+02 1.925119834175411382e-01
2.526309755149630689e+02 1.839138489441637603e+02 1.401088223863194704e-01
2.523996307811892734e+02 1.854414755797382952e+02 1.651768363777691290e-02
2.524425443710325112e+02 1.854765837543723421e+02 1.800751392667444134e-02
2.522431338256250797e+02 1.852453037958284767e+02 1.803990154165047155e-02
2.519531675087446558e+02 1.847257092887679732e+02 1.004016064257028107e-02
2.519411193159735660e+02 1.847095802565099234e+02 1.104417670682730952e-02
2.518093988858660452e+02 1.845146392019691746e+02 1.049358725223474564e-02
2.517658375437232792e+02 1.844611348620287572e+02 1.292265837543723345e-02
2.518778663039253729e+02 1.846403355356911504e+02 1.833139007643477120e-02
2.519531351211296908e+02 1.846346353154553697e+02 3.617696592822904761e-02
2.520838191475579606e+02 1.847494494105453953e+02 2.416116077212073984e-02
2.521173727166731453e+02 1.807019043917605927e+02 2.435548646197693845e-02
2.527758777043658540e+02 1.758481668609923645e+02 5.700220235781836703e-02
2.523837608498510292e+02 1.734568273092369566e+02 1.246923176577276887e-02
2.519575722243814084e+02 1.713043140303147993e+02 1.985360798030832985e-02
2.519406335017489198e+02 1.711633955175540791e+02 2.905169063350174913e-02
2.523409444228527150e+02 1.717680399015416413e+02 5.913978494623656212e-02
2.521830224122295760e+02 1.784351923824329447e+02 1.936779375566783160e-02
2.522903549682601465e+02 1.788754048451872052e+02 5.123720689208446921e-02
2.521163687006088878e+02 1.789443904650861441e+02 4.339940406788444366e-02
2.521074621064904875e+02 1.785365008420779986e+02 3.403938333981085945e-02
2.520749125534395603e+02 1.785578766679621765e+02 3.857364943645549826e-02
2.521637193937038433e+02 1.787189402772379765e+02 3.899468843114393263e-02
2.521810467677160261e+02 1.791974349008939100e+02 2.299520663298354820e-02
2.523289933929265487e+02 1.796998963596320777e+02 5.295375048581422300e-02
2.523233579479207265e+02 1.804851016971110198e+02 8.168156496955564227e-02
2.522673597616271479e+02 1.813224510947013925e+02 7.951159476616141697e-02
2.523359243425314276e+02 1.816681241093405959e+02 1.106360927581292869e-01
2.522349397590361377e+02 1.818129615235134224e+02 9.062054670294079906e-02
2.520806127736753410e+02 1.816744073066459464e+02 6.811115429459774218e-02
2.519980567431014435e+02 1.814234356781966540e+02 5.952843632594895934e-02
2.520323228397460866e+02 1.814049099624303665e+02 5.816815649695556562e-02
2.519537828734291907e+02 1.812819018007513989e+02 5.677548905298613474e-02
2.520354320507837826e+02 1.814687459515481294e+02 6.914755797383080604e-02
2.521772574167638368e+02 1.817243490089389866e+02 8.229692965410027872e-02
2.521833786759943052e+02 1.820424925508485501e+02 1.019885995595284367e-01
2.519374919030962587e+02 1.803395841430236999e+02 1.690633501748931358e-02
2.528312605259748693e+02 1.747905492939499936e+02 3.789350952195880140e-02
2.522537245757222308e+02 1.703555836248218611e+02 7.698536079803083854e-02
2.521857429718875494e+02 1.674448438916958253e+02 6.655654877574815331e-02
2.520079673532841014e+02 1.673944163751781389e+02 4.161808524420261557e-02
2.522382432957637093e+02 1.681752493846353218e+02 6.859696851923824390e-02
2.525532452390206117e+02 1.745128578831454718e+02 7.073455110765643206e-02
2.520302824200025782e+02 1.802947920715118642e+02 2.989376862287861092e-02
2.518988210908148631e+02 1.799968907889623040e+02 3.536727555382821603e-02
2.518381914755797482e+02 1.795878352118149905e+02 1.758647493198600698e-02
2.518554540743619725e+02 1.794355162585827088e+02 1.765125016193807433e-02
2.519103186941313766e+02 1.796392343567819694e+02 1.982122036533229617e-02
2.521036079803083396e+02 1.800132465345251944e+02 4.038735587511335656e-02
2.522878611219069853e+02 1.805391566265060135e+02 7.980308330094572355e-02
2.524895711879777309e+02 1.816989571187977788e+02 1.206438657857235447e-01
2.522442350045342607e+02 1.826197370125663895e+02 1.484000518201839536e-01
2.520924990283715488e+02 1.827038476486591492e+02 1.085632853996631730e-01
2.521782938204430593e+02 1.831711037699183748e+02 8.653970721596061788e-02
2.522177095478689068e+02 1.835344928099494837e+02 9.874983806192512426e-02
2.521808524420261790e+02 1.835294403420132028e+02 1.023772509392408409e-01
2.521267327374012268e+02 1.834067884440989644e+02 6.772250291488535190e-02
2.522084466899857489e+02 1.835887420650343245e+02 8.281513149371680371e-02
2.524088936390724314e+02 1.840439499935224887e+02 8.158440212462754471e-02
2.523932828086539644e+02 1.841360279828993498e+02 9.172172561212592334e-02
2.525148335276590217e+02 1.846605777950511822e+02 7.462106490478041809e-02
2.519913201191864118e+02 1.836579220106231389e+02 1.959450706050006388e-02
2.520019432568985565e+02 1.785312864360668357e+02 1.729498639720171080e-02
2.522195556419225397e+02 1.700311244979919820e+02 4.469490866692577002e-02
2.522166083689596974e+02 1.655211815001943307e+02 1.122878611219069872e-01
2.520756898561989772e+02 1.654506412747765296e+02 8.747894805026558418e-02
2.520709612644124888e+02 1.660696981474284257e+02 9.175411322710196049e-02
2.527338061925119916e+02 1.722599429977976513e+02 4.971498898821091056e-02
2.524855227361057075e+02 1.794243101438010228e+02 1.349591916051302021e-01
2.524884052338385914e+02 1.796655007125275176e+02 1.326920585568078792e-01
2.520048581422464054e+02 1.805342984842596081e+02 5.486461976940017887e-02
2.518062248995983907e+02 1.808559398885865903e+02 5.292136287083819279e-02
2.519447791164658668e+02 1.811323681824070491e+02 4.858142246404974912e-02
2.520700867988081484e+02 1.821255991708770523e+02 6.827309236947791404e-02
2.522505505894546047e+02 1.832726713304832344e+02 8.009457183573001626e-02
2.524478883275035628e+02 1.845580709936520236e+02 1.560759165695038142e-01
2.527794079543982377e+02 1.856604158569763001e+02 1.652416116077212171e-01
2.527671978235522658e+02 1.861350887420650224e+02 1.443192123332037724e-01
2.526802370773416158e+02 1.861530638683767336e+02 1.303925378935095192e-01
2.527231830547998470e+02 1.863869672237336488e+02 1.185062831973053565e-01
2.520788638424666317e+02 1.836063609275813064e+02 1.032841041585697561e-01
2.521172107785982632e+02 1.836889493457701690e+02 1.293237465993004320e-01
2.522279116465863353e+02 1.840756898561989772e+02 1.442868247182277630e-01
2.523130910739733110e+02 1.845093924083430466e+02 1.462300816167897421e-01
2.525744267392149141e+02 1.851883663687005992e+02 1.187006088871615517e-01
2.526094053633890439e+02 1.859490542816427023e+02 1.151703588547739326e-01
2.525955758517942797e+02 1.865083883922787891e+02 1.076240445653582067e-01
2.525182018396165233e+02 1.863109858789998725e+02 7.685581033812670382e-02
2.520495530509133175e+02 1.802997797642181581e+02 4.058168156496955864e-02
2.528395193677937698e+02 1.707729952066329702e+02 2.017748413006866248e-01
2.523157468584013543e+02 1.654994494105453953e+02 4.181241093405881765e-02
2.519713369607462141e+02 1.647532711491125781e+02 2.098717450446949129e-02
2.523084596450317463e+02 1.658259489571188112e+02 4.731830547998445297e-02
2.526629097033294329e+02 1.758570410674957998e+02 2.684933281513149361e-02
2.526352506801399045e+02 1.855658116336313128e+02 6.879129420909443904e-02
2.520698924731182728e+02 1.920831066200285022e+02 2.341624562767197909e-02
2.520829446819536201e+02 1.930267197823552294e+02 4.103510817463402321e-02
2.524616206762534034e+02 1.955023642958932442e+02 4.922917476357040883e-02
2.527674569244720715e+02 1.966463596320766953e+02 4.692965410027205575e-02
2.526462948568467368e+02 1.981298419484389228e+02 7.002202357818369804e-02
2.524401152999093085e+02 1.993720041456147101e+02 6.224899598393573985e-02
2.525962883793237381e+02 1.999925184609405449e+02 5.016841559787537513e-02
2.528215118538670936e+02 2.008023383858012778e+02 4.265448892343567944e-02
2.526409185127607202e+02 2.015805479984453825e+02 1.308459645031739838e-02
2.524375242907112238e+02 2.010971952325430721e+02 5.797383080709936701e-03
2.523336572094831070e+02 2.010075787019043787e+02 5.246793626117372822e-03
2.524778792589713703e+02 1.989160189143671573e+02 6.477522995206632913e-05
2.525197888327503506e+02 1.989554670294079415e+02 0.000000000000000000e+00
2.526251133566524061e+02 1.992488988210908190e+02 2.785334887938852207e-03
2.527003497862417305e+02 1.993304832232154524e+02 4.534266096644643039e-04
2.527711815001943307e+02 1.995681759295245570e+02 1.878481668609923490e-03
2.528349203264671701e+02 2.000826208058038560e+02 1.813706438657857216e-03
2.526879777173209050e+02 1.999108045083559944e+02 1.489830288897525624e-03
2.527139201969166891e+02 1.999634343826920713e+02 4.566653711620675959e-03
2.527557002202357808e+02 2.000254242777561728e+02 3.173986267651250290e-03
2.524279051690633366e+02 1.986515092628578714e+02 2.169970203394221836e-03
2.517827762663557394e+02 1.918506607073454973e+02 3.886513797123979748e-04
2.525903938333981102e+02 1.863789674828345539e+02 2.186164010882238676e-02
2.521442220494882633e+02 1.857542751651768356e+02 1.088223863194714286e-02
2.525533424018655353e+02 1.861609340588159114e+02 1.706827309236947851e-02
2.520583624821868227e+02 1.905918512760720205e+02 3.756963337219846981e-03
2.522822256769011631e+02 1.983416893379971384e+02 0.000000000000000000e+00
2.524005700220235724e+02 2.020304443580774603e+02 0.000000000000000000e+00
2.524953361834434418e+02 2.021252105194973581e+02 1.554605518849591899e-03
2.525499740899080052e+02 2.024415403549682537e+02 8.679880813576887344e-03
2.525760785075786998e+02 2.029794338644902325e+02 1.752169970203394309e-02
2.522289156626505928e+02 2.042796670553180434e+02 1.470397719911905633e-02
2.520216997020339420e+02 2.055157403808783556e+02 3.355356911517035773e-02
2.521104417670682665e+02 2.069343503044435693e+02 4.819277108433735191e-02
2.524461717839098469e+02 2.080030444358077375e+02 6.564969555641922416e-02
2.524337025521440694e+02 2.079660577795051211e+02 4.926156237854644598e-02
2.526573714211685342e+02 2.083741741158181071e+02 5.353672755538282230e-02
2.523253983676642065e+02 2.079407630522088368e+02 3.799067236688690591e-02
2.523658504987692766e+02 2.079767456924471958e+02 3.993392926544889199e-02
2.523621906982769758e+02 2.079836118668221161e+02 4.271926415338774680e-02
2.524452973183054780e+02 2.080813576888197929e+02 4.644383987563156097e-02
2.525174893120870649e+02 2.082156691281253984e+02 4.246016323357947736e-02
2.526417282031351306e+02 2.083259165695038178e+02 3.964244073066459234e-02
2.527880554475968324e+02 2.094285529213628649e+02 2.202357818370255169e-02
2.527658375437232792e+02 2.092928164269983142e+02 2.736753465474802555e-02
2.527950187848166763e+02 2.093348879388521766e+02 2.749708511465215680e-02
2.528239409249902963e+02 2.094808913071641427e+02 2.626635574556289779e-02
2.528559075009716253e+02 2.095185581033812809e+02 2.267133048322321487e-02
2.515746858401347197e+02 2.046868765384117239e+02 0.000000000000000000e+00
2.529349008938981740e+02 2.003551625858271734e+02 4.961782614328280605e-02
2.524128125404845093e+02 1.993093017230211217e+02 8.420779893768623112e-03
2.523025650991060900e+02 1.990413913719393690e+02 4.469490866692576655e-03
2.523132206244332281e+02 1.989722438139655480e+02 4.566653711620675959e-03
2.526843179168286042e+02 2.008270825236429573e+02 3.238761497603316456e-04
2.517085114652157074e+02 2.055213110506542193e+02 4.890529861381007551e-03
2.517568661743749203e+02 2.056182471822774858e+02 1.072030055706697793e-02
2.518473895582329192e+02 2.057341624562767208e+02 1.405622489959839315e-02
2.518439240834304940e+02 2.057330288897525463e+02 1.376473636481409524e-02
2.518608951936779476e+02 2.057758129291358955e+02 1.648529602280087922e-02
2.519820896489182473e+02 2.060756250809690471e+02 2.603964244073066550e-02
2.524680334240186426e+02 2.075225741676382825e+02 5.991708770566135309e-03
2.528391631040290122e+02 2.094672237336442606e+02 4.534266096644643039e-04
2.526168221272185406e+02 2.109891501489830148e+02 4.858142246404974956e-04
2.525566783262080719e+02 2.116980178779634798e+02 2.267133048322321574e-03
2.525800297966057713e+02 2.119125858271796972e+02 4.048451872004145760e-03
2.525434317916828491e+02 2.120397396035755833e+02 1.619380748801658174e-03
2.523576564321803346e+02 2.118518914367145953e+02 1.813706438657857216e-03
2.523677613680528680e+02 2.118560370514315423e+02 2.040419743490089286e-03
2.523847000906853282e+02 2.118591138748542448e+02 2.331908278274388065e-03
2.524405039512890312e+02 2.119088288638424729e+02 2.688172043010752903e-03
2.526481733385153632e+02 2.121985036921880976e+02 5.084855551237207026e-03
2.527643477134343755e+02 2.124316621324005609e+02 1.195102992615623867e-02
2.527709547868894902e+02 2.128080386060370586e+02 8.777043658504988383e-03
2.526304897007384511e+02 2.126070734551107648e+02 5.376344086021505805e-03
2.528504339940406851e+02 2.084363907241870777e+02 1.360279828993392857e-03
2.519617178390983270e+02 2.058745303795828363e+02 6.995724834823163762e-03
2.525988793885218229e+02 2.010591721725612047e+02 5.182018396165306330e-04
2.525433670164529190e+02 2.010036598004923007e+02 5.182018396165306330e-04
2.525786695167767846e+02 2.015027529472729668e+02 1.943256898561989874e-04
2.519768104676771543e+02 2.055080969037440184e+02 0.000000000000000000e+00
2.529925184609405449e+02 2.099401800751392670e+02 5.635445005829770905e-03
2.530807099365202646e+02 2.101960098458349648e+02 1.217774323098846923e-02
2.529056224899598533e+02 2.105411970462495219e+02 5.732607850757870209e-03
2.527372716673144168e+02 2.107314418966187191e+02 3.303536727555382840e-03
2.525514963078119024e+02 2.111716543593729796e+02 2.331908278274388065e-03
2.525225741676382825e+02 2.119469166990542703e+02 1.165954139137194033e-03
2.523342077989376833e+02 2.128404909962430338e+02 0.000000000000000000e+00
2.525292784039383207e+02 2.130593988858660452e+02 1.619380748801658228e-04
2.527153452519756343e+02 2.133014315325819439e+02 1.619380748801658228e-04
2.528320378287342862e+02 2.134258971369348501e+02 4.404715636740510164e-03
2.526736300038865011e+02 2.132186487887032058e+02 1.198341754113227062e-03
2.526562702422593532e+02 2.131775812929136009e+02 4.858142246404974956e-04
2.522763311309755068e+02 2.125196268946754685e+02 1.004016064257028020e-03
2.521843826920585627e+02 2.124031934188366506e+02 3.044435807747117306e-03
2.521668286047415393e+02 2.123184026428293691e+02 3.886513797123979964e-03
2.521703588547739230e+02 2.122909703329446813e+02 3.886513797123979964e-03
2.521749902837155162e+02 2.122805739085373773e+02 6.024096385542168988e-03
2.522444617178391013e+02 2.123728462236040855e+02 8.938981733385153311e-03
2.523369283585956850e+02 2.124698471304573104e+02 8.356004663816555753e-03
2.522669063350174952e+02 2.123961976940018133e+02 8.744656043528954703e-03
2.522831973053504271e+02 2.075815520145096400e+02 1.946495660059593263e-02
2.525957054022541683e+02 2.024237919419613831e+02 7.773027594247959495e-04
2.523854126182147866e+02 2.021427646068143531e+02 7.773027594247959495e-04
2.524090879647622785e+02 2.021664399533618450e+02 7.773027594247959495e-04
2.522234745433346177e+02 2.034404715636740377e+02 4.275165176836378048e-03
2.527781124497992096e+02 2.087009003756963352e+02 1.379712397979012892e-02
2.528329446819536201e+02 2.121236559139784958e+02 8.841818888457054007e-03
2.527392796994429318e+02 2.124186423111802071e+02 5.700220235781837397e-03
2.526814678067107138e+02 2.127276201580515647e+02 3.659800492291747677e-03
2.526444163751781389e+02 2.128199572483482314e+02 3.497862417411581881e-03
2.526372910998834129e+02 2.129254113227102039e+02 3.206373882627283536e-03
2.524428358595673103e+02 2.125800297966057713e+02 1.392667443969426103e-03
2.524606166601891459e+02 2.126219069827697865e+02 1.425055058945459349e-03
2.525375696333721862e+02 2.127065034330871924e+02 1.004016064257028020e-03
2.526116401088223995e+02 2.129162132400570044e+02 7.773027594247959495e-04
2.526133242648011503e+02 2.130214082134991713e+02 1.522217903873558653e-03
2.526364166342790440e+02 2.131297447855939993e+02 5.505894545925637705e-04
2.525047609794014818e+02 2.129622036533229732e+02 7.125275294727296746e-04
2.524678390983287954e+02 2.128861575333592384e+02 1.230729369089260308e-03
2.522735457960875749e+02 2.123793885218292417e+02 0.000000000000000000e+00
2.521138748542557266e+02 2.120015546055188622e+02 0.000000000000000000e+00
2.520368894934576929e+02 2.118198924731182728e+02 0.000000000000000000e+00
2.520643541909573742e+02 2.118329770695685852e+02 0.000000000000000000e+00
2.521191216478818546e+02 2.119069179945588814e+02 3.238761497603316456e-05
2.521919290063479764e+02 2.119652157015157456e+02 0.000000000000000000e+00
2.519808265319341842e+02 2.110874465604352963e+02 6.477522995206632913e-05
2.517380489700738337e+02 2.069142375955434545e+02 1.211296800103640360e-02
2.515557390853737445e+02 2.060024290711232027e+02 1.470397719911905633e-02
2.516357688819795442e+02 2.048661743749190407e+02 2.591009198082653165e-04
2.517258712268428553e+02 2.047794403420132028e+02 1.295504599041326583e-04
2.518033100142505418e+02 2.052854968260137412e+02 2.752947272962818961e-03
2.528883922787925940e+02 2.098320378287342862e+02 0.000000000000000000e+00
2.528908537375307617e+02 2.098513408472600190e+02 0.000000000000000000e+00
2.529086993133825558e+02 2.099256704236300095e+02 1.036403679233061266e-03
2.528573973312605290e+02 2.100412294338644870e+02 1.101178909185127541e-03
2.528515999481798247e+02 2.101072030055706819e+02 1.716543593729757695e-03
2.527441702293043022e+02 2.106632011918642320e+02 2.429071123202487369e-03
2.527079608757611027e+02 2.109136870060888782e+02 6.380360150278533392e-03
2.524479854903484863e+02 2.121391371939370458e+02 1.295504599041326583e-03
2.526363194714341205e+02 2.125570345899728011e+02 7.773027594247959495e-04
2.526744396942609114e+02 2.126960746210648949e+02 3.886513797123979964e-03
2.526303925378934991e+02 2.128501101178909209e+02 4.080839486980178572e-03
2.526670229304314148e+02 2.129136870060888782e+02 4.890529861381007551e-03
2.526850952195880211e+02 2.129602603964244167e+02 4.242777561860344368e-03
2.526894027723798501e+02 2.130403549682601465e+02 4.404715636740510164e-03
2.521795245498121574e+02 2.122777237984194869e+02 0.000000000000000000e+00
2.523071641404326897e+02 2.124247959580256406e+02 0.000000000000000000e+00
2.523485555123720587e+02 2.124661873299650097e+02 0.000000000000000000e+00
2.523495595284363162e+02 2.124671913460292672e+02 0.000000000000000000e+00
2.524867534654748056e+02 2.102435872522347324e+02 1.943256898561989874e-04
2.522914561471693276e+02 2.078910804508356023e+02 5.991708770566135309e-03
2.519682925249384766e+02 2.070126635574556246e+02 7.222438139655396050e-03
2.518270825236429573e+02 2.066276395906205607e+02 1.292265837543723345e-02
2.518312929135898344e+02 2.065367599429978043e+02 2.176447726389428572e-02
2.520582329317269057e+02 2.070965474802435438e+02 1.677678455758517886e-02
2.522761044176706946e+02 2.110084531675087476e+02 4.631428941572742451e-03
2.522941119315973708e+02 2.110575527918124124e+02 3.335924342531416086e-03
2.522818046379064754e+02 2.111793302241222818e+02 3.789350952195880227e-03
2.522663881331778839e+02 2.112547285917864883e+02 2.396683508226454123e-03
2.522622425184609369e+02 2.112688495919160516e+02 2.623396813058686411e-03
2.523202163492680370e+02 2.115009392408342990e+02 2.947272962819018002e-03
2.524465604352895411e+02 2.116730146392019662e+02 4.307552791812410860e-03
2.525327762663557394e+02 2.118607980308329957e+02 2.947272962819018002e-03
2.525994299779764276e+02 2.123620935354320522e+02 1.360279828993392857e-03
2.526778727814483716e+02 2.125978105972276069e+02 2.137582588418189024e-03
2.526799779764218101e+02 2.126966899857494582e+02 3.238761497603316348e-03
2.526962689467547705e+02 2.127508096903744104e+02 3.109211037699183798e-03
2.527243813965539516e+02 2.127948568467417942e+02 3.206373882627283536e-03
2.526987627931079032e+02 2.128439888586604525e+02 3.271149112579349594e-03
2.526771602539189132e+02 2.128679880813576801e+02 3.335924342531416086e-03
2.526984389169581675e+02 2.128892667443969344e+02 3.335924342531416086e-03
2.522160253918901276e+02 2.120422982251587030e+02 5.829770695685970163e-04
2.522919743490089388e+02 2.082629550459904237e+02 2.147298872910998954e-02
2.517543075527918006e+02 2.049418318435030528e+02 1.029926156237854704e-02
2.517585827179686362e+02 2.041521570151573997e+02 0.000000000000000000e+00
2.518177225029148758e+02 2.040704754501878426e+02 0.000000000000000000e+00
2.518496243036662747e+02 2.041040614069179924e+02 0.000000000000000000e+00
2.524461717839098469e+02 2.077727684933281580e+02 0.000000000000000000e+00
2.522756186034460484e+02 2.119040678844409911e+02 1.586993133825624971e-02
2.522762339681305832e+02 2.119330547998445411e+02 1.496307811892732230e-02
2.521715248089130625e+02 2.118169452001554589e+02 1.373234874983806156e-02
2.520343956471045601e+02 2.115760461199637348e+02 5.182018396165306330e-03
2.519558880684026292e+02 2.111192511983417432e+02 1.684155978753724666e-03
2.519352571576629032e+02 2.109732154424148121e+02 0.000000000000000000e+00
2.519750291488534799e+02 2.110129874336053888e+02 0.000000000000000000e+00
2.520707345511076483e+02 2.112009327633113003e+02 2.591009198082653165e-04
2.523935742971887635e+02 2.117563155849203156e+02 4.922917476357041230e-03
2.526845446301334448e+02 2.123287990672367016e+02 6.574685840134732867e-03
2.527852377250939355e+02 2.126358660448244677e+02 1.127089001165954181e-02
2.528177548905298693e+02 2.128537699183832217e+02 7.125275294727295879e-03
2.527356198989506311e+02 2.130074167638295251e+02 7.805415209223992741e-03
2.527690115299909337e+02 2.130719005052467878e+02 9.230470268169451223e-03
2.527415792201062175e+02 2.131233644254436967e+02 9.683896877833915798e-03
2.527594895711879701e+02 2.131202876020209942e+02 6.930949604871097271e-03
2.520280152869542576e+02 2.117025845316750861e+02 0.000000000000000000e+00
2.523614457831325240e+02 2.030813576888197929e+02 3.368311957507449331e-03
2.527202681694519981e+02 2.005252947272962842e+02 1.165954139137194033e-03
2.526551042881202136e+02 2.003145161290322562e+02 7.773027594247959495e-04
2.527141792978364947e+02 2.004134926803990027e+02 1.165954139137194033e-03
2.517283650731960165e+02 2.052244137841689451e+02 0.000000000000000000e+00
2.530232543075528042e+02 2.102297577406399682e+02 9.975385412618215444e-03
2.529476616141987222e+02 2.126534525197564562e+02 1.982122036533229617e-02
2.529124238891048151e+02 2.126722049488275559e+02 2.302759424795958187e-02
2.527700803212851497e+02 2.125336507319601083e+02 1.739214924212980837e-02
2.526084985101697100e+02 2.122568985619898854e+02 8.550330353672756095e-03
2.523207669387226417e+02 2.104070475450187985e+02 3.562637647363648373e-04
2.521951353802305960e+02 2.114354514833527787e+02 3.238761497603316456e-04
2.523468065811633494e+02 2.117478948050265615e+02 0.000000000000000000e+00
2.525764023837284640e+02 2.121380036274128713e+02 5.182018396165306330e-04
2.526653387744526356e+02 2.123601178909185023e+02 5.441119315973571430e-03
2.529237919419613831e+02 2.128569439046508478e+02 1.000777302759424739e-02
2.528242324135250669e+02 2.130898108563285405e+02 9.683896877833915798e-03
2.527883145485166381e+02 2.133821090814872434e+02 8.388392278792589432e-03
2.528255926933540536e+02 2.134259942997797737e+02 7.060500064775230254e-03
2.528244591268299075e+02 2.135068013991449618e+02 4.016064257028112081e-03
2.528315196268946750e+02 2.135473506930949554e+02 2.817722502914885453e-03
2.526865526622619598e+02 2.132559269335406213e+02 3.238761497603316348e-03
2.526376473636481421e+02 2.131602539189014180e+02 4.242777561860344368e-03
2.528018525715766316e+02 2.099874983806192574e+02 0.000000000000000000e+00
2.517420326467158986e+02 2.055059917087705799e+02 8.096903744008291520e-03
2.515575851794273774e+02 2.048190503951288974e+02 1.619380748801658174e-03
2.514646974996761344e+02 2.047162844928099616e+02 2.137582588418189024e-03
2.515730664593859274e+02 2.048615753335924410e+02 2.526233968130586673e-03
2.527156367405104334e+02 2.084378805544759814e+02 0.000000000000000000e+00
2.534728267910351178e+02 2.098452843632594806e+02 3.326208058038605808e-02
2.529317916828604780e+02 2.107502914885347707e+02 2.131105065422982114e-02
2.528318758906594041e+02 2.109931662132400447e+02 1.570799326337608479e-02
2.528113421427646017e+02 2.111008226454203793e+02 1.425055058945459176e-02
2.527565422982251562e+02 2.111065876408861186e+02 1.246923176577276887e-02
2.527605583624821861e+02 2.111914431921233302e+02 1.246923176577276887e-02
2.523962948568467368e+02 2.119948179816038305e+02 9.910610182666148085e-03
2.525856004663816634e+02 2.127607526881720332e+02 1.438010104935872474e-02
2.527883793237465966e+02 2.132669063350174952e+02 7.351988599559528166e-03
2.528713563933152102e+02 2.135983935742971767e+02 6.607073455110765679e-03
2.529001489830288847e+02 2.136535172949863863e+02 8.129291358984325200e-03
2.528964244073066538e+02 2.137655784428034735e+02 6.801399144966964287e-03
2.527385671719134734e+02 2.135169063350174952e+02 4.307552791812410860e-03
2.526844150796735278e+02 2.134412488664334830e+02 4.599041326596709639e-03
2.522635056354450001e+02 2.127472470527270332e+02 4.534266096644643039e-04
2.522021958802953634e+02 2.126516064257028233e+02 4.534266096644643039e-04
2.522525910091980847e+02 2.127091268299002422e+02 0.000000000000000000e+00
2.522799261562378490e+02 2.127045925638036010e+02 0.000000000000000000e+00
2.520913978494623677e+02 2.121025391890141236e+02 1.165954139137194033e-03
2.516786500842077885e+02 2.070038217385671828e+02 7.773027594247959929e-03
2.520377315714470683e+02 2.030973895582329192e+02 9.716284492809949911e-04
2.519670294079543851e+02 2.028636157533359210e+02 1.133566524161160787e-03
2.519992550848555481e+02 2.029384311439305577e+02 9.716284492809949911e-04
2.520675281772250287e+02 2.044695232543075463e+02 9.716284492809949369e-05
2.534043269853607967e+02 2.095452778857364819e+02 1.263116984065293380e-02
2.527464373623526228e+02 2.123704819277108413e+02 9.878222567690116140e-03
2.527500971628449236e+02 2.124392084466899746e+02 1.101178909185127584e-02
2.526621000129550509e+02 2.125952519756445156e+02 4.955305091333074043e-03
2.526211944552403281e+02 2.126485296022800924e+02 2.429071123202487369e-03
2.525002914885347707e+02 2.123813641663427916e+02 1.684155978753724666e-03
2.525251975644513607e+02 2.123778986915403664e+02 2.169970203394221836e-03
2.526032517165435820e+02 2.125733255603057330e+02 5.117243166213239838e-03
2.527737725093924155e+02 2.130085179427387061e+02 8.194066588936390824e-03
2.527124951418577439e+02 2.133630975514963097e+02 2.072807358466122532e-03
2.527124627542427788e+02 2.136878481668609879e+02 3.238761497603316456e-05
2.527100984583495347e+02 2.135631882368182346e+02 1.295504599041326583e-04
2.527089972794403536e+02 2.135558686358336615e+02 4.534266096644643039e-04
2.526322386319471320e+02 2.134916763829511694e+02 2.591009198082653165e-04
2.523577535950252582e+02 2.125794144319212364e+02 0.000000000000000000e+00
2.523719069827697865e+02 2.125986202876020172e+02 0.000000000000000000e+00
2.523423694779116602e+02 2.126369672237336488e+02 0.000000000000000000e+00
2.523782549553050956e+02 2.126639137193936904e+02 0.000000000000000000e+00
2.521687718616400957e+02 2.115806127736753410e+02 6.153646845446301538e-04
2.523993069050395093e+02 2.078409444228527150e+02 1.619380748801658228e-04
2.516695815520145061e+02 2.048986267651250159e+02 0.000000000000000000e+00
2.515772120741028743e+02 2.045799326337608477e+02 0.000000000000000000e+00
2.515868959709806916e+02 2.045393509521958890e+02 0.000000000000000000e+00
2.517219199378157839e+02 2.047655784428034735e+02 1.052597486721077932e-02
2.531089519367793628e+02 2.091726907630522021e+02 5.946366109599689198e-02
2.532993911128384639e+02 2.094390465086150925e+02 6.357688819795309643e-02
2.532229887291099999e+02 2.099771991190568770e+02 3.617696592822904761e-02
2.529974089908019153e+02 2.103653646845446303e+02 2.516517683637777003e-02
2.527883469361316315e+02 2.108374789480502614e+02 2.173208964891825204e-02
2.526296476227490473e+02 2.118985619898950574e+02 1.518979142375955459e-02
2.527030055706697738e+02 2.127873429200673741e+02 2.850110117890918698e-03
2.527618214794662492e+02 2.132188755020080180e+02 0.000000000000000000e+00
2.527873753076823391e+02 2.134714017359761726e+02 0.000000000000000000e+00
2.528281837025521384e+02 2.135694714341235851e+02 0.000000000000000000e+00
2.528260785075786998e+02 2.138446042233449873e+02 3.238761497603316456e-05
2.526301658245886870e+02 2.134572159606166508e+02 3.238761497603316456e-05
2.525760785075786998e+02 2.134031286436066921e+02 3.238761497603316456e-05
2.521907630522088368e+02 2.126327892214017368e+02 0.000000000000000000e+00
2.521588612514574379e+02 2.125226389428682410e+02 0.000000000000000000e+00
2.521502785334888017e+02 2.125017489312087093e+02 0.000000000000000000e+00
2.521828280865397005e+02 2.125403873558751116e+02 0.000000000000000000e+00
2.521146521570151435e+02 2.124257028112449746e+02 0.000000000000000000e+00
2.520941507967353346e+02 2.076078183702552167e+02 0.000000000000000000e+00
2.517762663557455767e+02 2.029014121000129478e+02 1.392667443969426103e-03
2.517176771602539134e+02 2.021086604482445921e+02 6.477522995206632913e-04
2.517671654359373008e+02 2.021301658245886870e+02 6.477522995206632913e-04
2.520650667184868610e+02 2.027345511076564435e+02 1.165954139137194033e-03
2.531271861640108796e+02 2.089675799974089898e+02 2.072807358466122532e-03
2.527822256769011631e+02 2.112785334887938973e+02 3.468713563933151917e-02
2.525932763311309657e+02 2.122276849332815232e+02 2.341624562767197909e-02
2.525296022800880849e+02 2.123661743749190407e+02 6.024096385542168988e-03
2.524366174374918899e+02 2.122619834175411313e+02 6.639461070086798491e-03
2.524145614716932187e+02 2.122338385801269567e+02 4.631428941572742451e-03
2.523853802305998215e+02 2.122211102474413735e+02 4.016064257028112081e-03
2.525003238761497641e+02 2.124718227749708603e+02 4.631428941572742451e-03
2.526428293820443116e+02 2.128083948698017878e+02 2.396683508226454123e-03
2.527851081746340185e+02 2.133174310143801051e+02 5.182018396165306330e-04
2.528342401865526483e+02 2.134006347972535309e+02 0.000000000000000000e+00
2.528111478170747546e+02 2.135055382821608987e+02 6.477522995206632913e-05
2.526223927969944327e+02 2.132671654359373008e+02 3.886513797123979748e-04
2.525991061018266635e+02 2.132454333462883653e+02 3.562637647363648373e-04
2.525123396813058605e+02 2.131359955952843563e+02 1.943256898561989874e-04
2.521582134991579096e+02 2.121906011141339548e+02 0.000000000000000000e+00
2.521211944552403281e+02 2.121544889234356788e+02 3.238761497603316456e-05
2.521425378935095125e+02 2.121513473247829893e+02 9.716284492809949369e-05
2.521607721207410293e+02 2.121589584143023615e+02 9.716284492809949369e-05
2.523204106749578841e+02 2.094438722632465328e+02 1.943256898561989874e-04
2.526977911646586392e+02 2.031481085632854047e+02 1.586993133825625145e-03
2.525535043399404174e+02 1.994161808524420394e+02 9.068532193289286295e-03
2.523346936131623295e+02 1.990632206244332281e+02 7.028112449799196575e-03
2.523961329187718547e+02 1.991444163751781389e+02 3.076823422723150552e-03
2.524963401995076993e+02 2.025541197046249522e+02 0.000000000000000000e+00
2.531064904780411950e+02 2.086800103640368036e+02 7.546314289415727641e-03
2.527837478948050318e+02 2.100643541909573742e+02 4.106749578961005342e-02
2.525277237984194869e+02 2.107883793237465966e+02 1.917346806581163299e-02
2.524118409120352453e+02 2.109838061925119916e+02 6.542298225158699188e-03
2.524376538411711408e+02 2.110150602409638623e+02 1.013732348749838037e-02
2.523292524938463544e+02 2.112884440989765551e+02 4.955305091333074043e-03
2.522947596838968707e+02 2.126073649436455639e+02 0.000000000000000000e+00
2.525436585049876896e+02 2.129696204171524698e+02 0.000000000000000000e+00
2.527829705920456149e+02 2.133934123591138814e+02 3.238761497603316456e-05
2.529654424148205862e+02 2.136810791553309912e+02 5.700220235781837397e-03
2.529961458738178521e+02 2.138009133307423326e+02 6.671848685062832171e-03
2.529320507837802836e+02 2.139391760590750096e+02 8.679880813576887344e-03
2.527041715248089133e+02 2.136717839098328682e+02 1.684155978753724666e-03
2.526652416116077120e+02 2.136198989506412715e+02 1.586993133825625145e-03
2.525082264542039070e+02 2.120286306516388208e+02 0.000000000000000000e+00
2.525596255991708858e+02 2.120800297966057713e+02 1.036403679233061266e-03
2.525358854773934354e+02 2.122354579608757490e+02 1.360279828993392857e-03
2.525976486591527532e+02 2.124554022541780114e+02 1.230729369089260308e-03
2.527342596191216444e+02 2.127077017748412970e+02 5.182018396165306330e-04
2.526033812670034990e+02 2.125726778080062047e+02 5.182018396165306330e-04
2.521734680658116474e+02 2.065983287990672466e+02 1.730470268169451986e-01
2.522640238372846113e+02 2.030531156885606947e+02 9.327633113097552262e-03
2.521792006736623932e+02 2.026512825495530592e+02 2.914885347842984756e-03
2.522107785982640280e+02 2.026025391890141236e+02 2.267133048322321574e-03
2.520776007254825686e+02 2.039198082653193467e+02 0.000000000000000000e+00
2.526166601891436585e+02 2.090902642829381932e+02 6.121259230470268292e-03
2.528483287990672466e+02 2.125346871356393308e+02 8.278274387874076656e-02
2.528452843632594806e+02 2.126630068661743849e+02 7.044306257287213935e-02
2.528101114133955036e+02 2.127845899727944072e+02 2.237984194843891869e-02
2.527497408990801944e+02 2.128222891566265105e+02 1.117372716673144251e-02
2.524543334628837954e+02 2.123755667832620873e+02 6.477522995206632913e-05
2.524847454333462906e+02 2.124142699831584480e+02 3.238761497603316456e-04
2.525876408861251434e+02 2.125863453815261153e+02 2.817722502914885453e-03
2.526671200932763384e+02 2.130987822256768993e+02 3.983676642052079268e-03
2.528529278403938463e+02 2.134684220753983652e+02 5.570669775877704413e-03
2.529194843891695825e+02 2.136610312216608349e+02 3.756963337219846981e-03
2.528906270242259495e+02 2.136710389946884447e+02 3.886513797123979748e-04
2.528939953361834512e+02 2.137226000777302772e+02 6.477522995206632913e-04
2.527279440342013288e+02 2.134959191605130115e+02 1.619380748801658228e-04
2.527061795569374283e+02 2.134849073714211727e+02 7.773027594247959495e-04
2.527398626765125016e+02 2.135130198212203538e+02 1.230729369089260308e-03
2.527708252364296015e+02 2.135956730146392033e+02 1.910869283585956736e-03
2.524923565228656628e+02 2.131674439694261025e+02 4.858142246404974956e-04
2.525385736494364437e+02 2.132290776007254749e+02 8.420779893768623329e-04
2.526105389299131900e+02 2.133120546702940885e+02 5.182018396165306330e-04
2.524774258323617175e+02 2.131389104806322052e+02 5.505894545925637705e-04
2.527441702293043022e+02 2.091856781966575909e+02 2.591009198082653165e-04
2.518910156756056438e+02 2.054206179556937286e+02 1.910869283585956563e-02
2.516127089001165871e+02 2.048667573519886105e+02 2.720559657986785715e-03
2.516260849851016985e+02 2.048442479595802581e+02 4.048451872004145760e-03
2.516624562767197801e+02 2.050951548127995920e+02 6.412747765254567071e-03
2.525616984065293309e+02 2.076374854255732600e+02 2.234745433346288501e-02
2.530490996243036648e+02 2.104168933799714978e+02 1.133566524161160743e-02
2.531015999481798247e+02 2.106312993911128331e+02 1.784557585179427294e-02
2.527009975385412588e+02 2.110251651768363672e+02 6.801399144966964287e-03
2.526571123202487286e+02 2.111417605907500956e+02 4.825754631428941926e-03
2.526276072030055673e+02 2.111566912812540409e+02 4.825754631428941926e-03
2.525917541132270969e+02 2.113967806710713830e+02 6.509910610182666375e-03
2.525436585049876896e+02 2.116088223863194742e+02 8.874206503433087687e-03
2.526495660059593149e+02 2.120386060370514372e+02 1.059075009716284495e-02
2.526210325171654461e+02 2.123958738178520491e+02 8.582717968648788040e-03
2.526527723798419345e+02 2.125431079155331133e+02 4.534266096644643147e-03
2.526965928229045346e+02 2.129233061277367653e+02 4.534266096644643039e-04
2.527412877315714468e+02 2.130865397072159624e+02 1.295504599041326583e-03
2.527774323098846878e+02 2.131612903225806406e+02 1.748931208705790941e-03
2.527391501489830148e+02 2.132840393833398025e+02 5.764995465733903021e-03
2.525593017230211217e+02 2.138983352765902453e+02 2.591009198082653165e-04
2.526210972923953761e+02 2.140144124886643340e+02 1.295504599041326583e-04
2.525481603834693658e+02 2.139145290840782536e+02 2.267133048322321519e-04
2.525676901152999108e+02 2.139344474672885212e+02 9.716284492809949369e-05
2.524806322062443371e+02 2.138308070993652166e+02 9.716284492809949369e-05
2.530978753724575654e+02 2.090792201062313893e+02 0.000000000000000000e+00
2.523372846223604142e+02 2.081871356393315295e+02 0.000000000000000000e+00
2.517280411970462524e+02 2.072939176059074953e+02 0.000000000000000000e+00
2.514900246145873837e+02 2.068673403290581803e+02 0.000000000000000000e+00
2.516066200285011121e+02 2.069689078896230114e+02 1.230729369089260308e-03
2.520642894157274156e+02 2.076015351729498661e+02 8.323617048840523808e-03
2.523895582329317335e+02 2.114098976551366889e+02 7.837802824200025553e-03
2.523307423241352581e+02 2.113607980308329957e+02 7.578701904391760454e-03
2.522807682342272244e+02 2.112849138489441714e+02 5.797383080709936701e-03
2.522123655913978553e+02 2.111180528565876386e+02 3.562637647363647939e-03
2.521948438916958253e+02 2.111764477263894264e+02 2.882497732866951511e-03
2.522415144448762874e+02 2.112465669128125398e+02 2.299520663298354820e-03
2.522861769659282345e+02 2.113243943515999490e+02 3.659800492291747677e-03
2.524255084855551274e+02 2.117557326078507458e+02 1.357041067495789663e-02
2.525970332944681900e+02 2.121101826661484608e+02 1.706827309236947851e-02
2.526595090037569662e+02 2.126132594895711918e+02 1.888197953102733681e-02
2.527196204171524698e+02 2.128084920326467113e+02 1.084985101697111091e-02
2.526954268687653951e+02 2.129022541780023232e+02 1.289027076046119977e-02
2.526748283456406341e+02 2.129325689856198949e+02 1.311698406529343205e-02
2.526883663687005992e+02 2.129770371809819949e+02 1.201580515610830430e-02
2.524479531027335213e+02 2.127549876927063224e+02 6.574685840134732867e-03
2.524088612514574379e+02 2.127164140432698503e+02 5.603057390853737225e-03
2.524104158569763001e+02 2.127261303277626610e+02 6.056484000518201800e-03
2.523925702811245060e+02 2.126915727425832472e+02 6.056484000518201800e-03
2.530842401865526483e+02 2.092522671330483206e+02 8.291229433864490128e-03
2.522533359243425366e+02 2.051941313641663385e+02 7.578701904391760454e-03
2.518831130975515009e+02 2.037355551237207010e+02 5.829770695685970163e-04
2.517916504728591747e+02 2.033881007902577949e+02 0.000000000000000000e+00
2.518755020080321287e+02 2.033975903614457934e+02 7.773027594247959495e-04
2.520043075527918006e+02 2.056827633113097420e+02 4.145614716932245064e-03
2.532268104676771543e+02 2.099695232543075463e+02 1.784557585179427294e-02
2.531499870449540026e+02 2.102102280088094233e+02 1.726259878222567712e-02
2.526686099235652421e+02 2.109301723021116857e+02 1.334369737012566434e-02
2.526681888845705544e+02 2.109224964373623550e+02 1.376473636481409524e-02
2.526493716802694678e+02 2.109520015546055163e+02 1.493069050395128862e-02
2.525967094183184258e+02 2.110660707345511184e+02 8.420779893768623112e-03
2.525914950123072913e+02 2.113145161290322562e+02 6.930949604871097271e-03
2.525775035626376450e+02 2.117262274906075845e+02 6.607073455110765679e-03
2.525790581681565072e+02 2.119462041715248120e+02 1.684155978753724666e-03
2.525210843373494072e+02 2.123749514185775240e+02 1.327892214017359828e-03
2.526325625080968962e+02 2.125721919937815869e+02 2.429071123202487369e-03
2.527071511853867207e+02 2.128192123332037795e+02 1.748931208705790941e-03
2.527394416375178139e+02 2.129673208964891842e+02 1.295504599041326583e-03
2.527264218162974601e+02 2.130182990024614469e+02 8.420779893768623329e-04
2.527567690115299968e+02 2.130764995465733875e+02 1.943256898561989982e-03
2.526340847260007649e+02 2.128797123979790058e+02 1.165954139137194033e-03
2.526138748542557266e+02 2.128744008291229477e+02 2.591009198082653165e-04
2.526525132789221288e+02 2.129077600725482569e+02 2.914885347842985082e-04
2.526353154553698630e+02 2.128794532970592002e+02 3.238761497603316456e-04
2.528267586474931932e+02 2.086137776914108031e+02 8.291229433864490128e-03
2.524362611737271607e+02 2.041731765772768483e+02 6.250809690374400408e-03
2.529786565617307872e+02 2.009811180204689833e+02 0.000000000000000000e+00
2.528961329187718547e+02 2.007146327244461759e+02 5.182018396165306330e-04
2.528608951936779476e+02 2.008167184868506183e+02 0.000000000000000000e+00
2.518968778339163066e+02 2.046292265837543596e+02 1.619380748801658228e-04
2.524408926026687254e+02 2.097086734032905895e+02 1.198341754113227062e-03
2.524332815131493817e+02 2.121223604093794393e+02 0.000000000000000000e+00
2.524038411711361505e+02 2.120525003238761599e+02 0.000000000000000000e+00
2.523730405492939610e+02 2.120216997020339420e+02 0.000000000000000000e+00
2.523200867988081484e+02 2.119697823552273519e+02 0.000000000000000000e+00
2.523317463401995155e+02 2.119883080709936394e+02 0.000000000000000000e+00
2.524731506671848820e+02 2.121626182147946622e+02 0.000000000000000000e+00
2.525661031221660835e+02 2.125052144060111345e+02 3.789350952195880227e-03
2.526591203523772435e+02 2.130603381267003442e+02 2.623396813058686411e-03
2.527193613162326642e+02 2.132313447337737955e+02 6.153646845446301538e-04
2.527065358207021575e+02 2.133599883404586137e+02 5.829770695685970163e-04
2.527546962041715233e+02 2.134481798160383335e+02 6.801399144966964287e-04
2.525407760072548342e+02 2.131571770954786871e+02 0.000000000000000000e+00
2.525240316103122211e+02 2.131190568726518961e+02 6.477522995206632913e-05
2.525175540873170235e+02 2.131220365332297035e+02 0.000000000000000000e+00
2.525113032776266380e+02 2.131347000906853282e+02 0.000000000000000000e+00
2.525774711750226800e+02 2.132033294468195379e+02 2.267133048322321519e-04
2.526312670034978680e+02 2.132559593211555864e+02 8.096903744008290870e-04
2.527327697888327407e+02 2.134722438139655480e+02 2.331908278274388065e-03
2.523990154165047386e+02 2.113352765902318993e+02 0.000000000000000000e+00
2.521281901800751371e+02 2.061012436844150670e+02 0.000000000000000000e+00
2.524732478300298055e+02 2.029746081098587922e+02 8.096903744008290870e-04
2.525141857753594934e+02 2.009501230729369183e+02 0.000000000000000000e+00
2.526953944811504016e+02 2.011226518979142384e+02 1.943256898561989874e-04
2.523829187718616538e+02 2.029011206114781771e+02 0.000000000000000000e+00
2.525353025003238656e+02 2.080847260007772945e+02 8.411063609275812314e-02
2.531205790905557649e+02 2.111120287602020937e+02 1.956211944552403020e-02
2.530203718098199204e+02 2.113232607850757745e+02 2.727037180981992451e-02
2.526881072677807936e+02 2.117482510687912907e+02 7.546314289415727641e-03
2.526651768363777819e+02 2.118236170488405321e+02 1.013732348749838037e-02
2.525955758517942797e+02 2.120381202228267910e+02 9.392408343049617886e-03
2.525966770307034608e+02 2.124917411581810995e+02 6.769011529990931475e-03
2.526538087835211854e+02 2.129804054929394965e+02 1.554605518849591899e-03
2.527026493069050446e+02 2.133764412488664277e+02 1.036403679233061266e-03
2.528869672237336488e+02 2.138749190309625590e+02 7.773027594247959495e-04
2.528798095608239294e+02 2.139098652675216954e+02 7.773027594247959495e-04
2.528171071382303410e+02 2.140627348102085818e+02 5.182018396165306330e-04
2.526200932763311187e+02 2.137157015157403919e+02 5.182018396165306330e-04
2.525981020857624060e+02 2.136652092239927470e+02 5.829770695685970163e-04
2.525302176447726481e+02 2.135900699572483461e+02 5.829770695685970163e-04
2.524951742453685597e+02 2.124047480243554844e+02 3.109211037699183798e-03
2.525458608628060517e+02 2.124007643477134479e+02 4.145614716932245064e-03
2.525429135898432378e+02 2.124159541391371988e+02 3.044435807747117306e-03
2.525380878352118259e+02 2.125461199637258574e+02 3.756963337219846981e-03
2.525245174245368673e+02 2.125422658375437095e+02 3.692188107267780923e-03
2.528469685192382315e+02 2.093900440471563797e+02 0.000000000000000000e+00
2.519104482445912652e+02 2.055222502914885467e+02 1.042881202228267828e-02
2.521689337997149778e+02 2.022259360020728138e+02 9.003756963337220670e-03
2.521568532193289229e+02 2.022230535043399300e+02 9.003756963337220670e-03
2.522533359243425366e+02 2.024517100660707456e+02 2.558621583106619919e-03
2.519867858530897706e+02 2.066946495660059497e+02 1.036403679233061266e-03
2.528845381526104461e+02 2.109178326208057968e+02 4.330224122295633915e-02
2.528550654229822499e+02 2.109850693094960548e+02 4.252493846353154472e-02
2.526095673014639260e+02 2.113047350693094870e+02 1.687394740251327990e-02
2.524896035755926960e+02 2.113981409509003697e+02 6.574685840134732867e-03
2.524479854903484863e+02 2.113684415079673613e+02 6.153646845446301104e-03
2.524318564580904365e+02 2.113613810079025654e+02 4.663816556548776131e-03
2.524040031092110326e+02 2.116738567171913417e+02 2.623396813058686411e-03
2.524085049876927087e+02 2.121975968389687921e+02 1.033164917735457898e-02
2.526618409120352453e+02 2.130236753465474919e+02 2.752947272962818961e-03
2.524681953620935246e+02 2.134535561601243785e+02 0.000000000000000000e+00
2.525741352506801434e+02 2.135588482964114405e+02 0.000000000000000000e+00
2.525788638424666317e+02 2.135635768881979573e+02 0.000000000000000000e+00
2.525581357688819821e+02 2.135420715118538624e+02 0.000000000000000000e+00
2.525875113356652548e+02 2.135718357300168293e+02 0.000000000000000000e+00
2.526175994299779859e+02 2.136019238243295888e+02 0.000000000000000000e+00
2.522401541650472723e+02 2.129291035108174697e+02 0.000000000000000000e+00
2.522350045342660962e+02 2.129239538800362652e+02 0.000000000000000000e+00
2.522037828734291907e+02 2.128880684026428298e+02 0.000000000000000000e+00
2.520949928747247100e+02 2.118270825236429573e+02 1.295504599041326583e-04
2.522596515092628522e+02 2.074547545018784831e+02 3.886513797123979748e-04
2.516707798937686107e+02 2.065216673144189770e+02 6.477522995206632913e-04
2.515515610830418325e+02 2.059956600595932059e+02 4.534266096644643039e-04
2.515945070605000637e+02 2.059828993392926577e+02 5.829770695685970163e-04
2.520174245368571064e+02 2.068032776266355768e+02 1.687394740251327990e-02
2.527610441767068323e+02 2.117013214146910229e+02 1.165954139137194033e-03
2.527392796994429318e+02 2.117231830547998470e+02 2.591009198082653165e-03
2.525979725353024890e+02 2.118616724964373645e+02 1.004016064257028020e-03
2.525258453167508605e+02 2.118341106360927597e+02 1.295504599041326583e-03
2.525037893509521894e+02 2.118346288379323710e+02 1.684155978753724666e-03
2.524296217126570809e+02 2.119846482705013671e+02 1.457442673921492378e-03
2.524518072289156692e+02 2.122530768234227310e+02 2.137582588418189024e-03
2.526185386708122849e+02 2.126847389558232919e+02 2.914885347842984756e-03
2.526818888457054015e+02 2.128597616271537731e+02 1.554605518849591899e-03
2.527197499676123869e+02 2.133071317528177246e+02 2.591009198082653165e-04
2.527291747635703985e+02 2.133528306775488943e+02 7.773027594247959495e-04
2.527221466511206245e+02 2.133467094183184258e+02 1.036403679233061266e-03
2.527727037180981995e+02 2.134554346417929764e+02 8.420779893768623329e-04
2.524117761368052868e+02 2.129032905816815742e+02 2.267133048322321519e-04
2.523468389687783429e+02 2.128356328539966285e+02 0.000000000000000000e+00
2.523522477004793245e+02 2.128306775489052995e+02 0.000000000000000000e+00
2.523077147298872944e+02 2.127856263764736298e+02 0.000000000000000000e+00
2.520327762663557394e+02 2.121140044047156437e+02 5.182018396165306330e-04
2.519600336831195762e+02 2.062383080709936394e+02 0.000000000000000000e+00
2.519481798160383335e+02 2.037314418966187191e+02 1.586993133825625145e-03
2.519592563803601593e+02 2.032546314289415648e+02 1.198341754113227062e-03
2.520351405622489835e+02 2.034130392537893499e+02 6.801399144966964287e-04
2.520452131105065519e+02 2.041953620935354365e+02 1.295504599041326583e-04
2.528886513797123996e+02 2.093674698795180689e+02 1.684155978753724666e-03
2.530225093924083524e+02 2.115720624433216699e+02 8.226454203912424157e-02
2.529685192382432888e+02 2.116317204301075208e+02 6.895323228397461091e-02
2.527502267133048406e+02 2.116542298225158731e+02 2.234745433346288501e-02
2.526528047674569279e+02 2.115522736105713193e+02 1.195102992615623867e-02
2.526082070216349393e+02 2.115916245627672083e+02 9.295245498121518582e-03
2.524580256509910612e+02 2.120767586474931932e+02 7.060500064775230254e-03
2.525526946495660070e+02 2.123135445005829638e+02 1.253400699572483450e-02
2.527759748672107776e+02 2.128474867210778712e+02 1.081746340199507724e-02
2.527794403420132028e+02 2.130622489959839356e+02 7.967353284104158537e-03
2.527949863972017113e+02 2.132222438139655480e+02 6.218422075398367596e-03
2.528184998056743211e+02 2.133273740121777564e+02 2.752947272962818961e-03
2.524748024355486393e+02 2.127836507319601083e+02 1.392667443969426103e-03
2.524520015546055163e+02 2.127503562637647292e+02 2.040419743490089286e-03
2.523885542168674760e+02 2.126555577147298948e+02 1.813706438657857216e-03
2.523778339163104079e+02 2.126318823681824028e+02 1.813706438657857216e-03
2.523447013861899109e+02 2.125857947920715105e+02 2.137582588418189024e-03
2.522618538670812143e+02 2.124662844928099616e+02 2.105194973442155778e-03
2.523469037440083014e+02 2.081297771732089643e+02 2.752947272962818961e-03
2.520144448762792990e+02 2.024463661095996940e+02 0.000000000000000000e+00
2.523765060240963862e+02 2.002253206373882506e+02 9.230470268169451223e-03
2.525523383858012778e+02 1.994761627153776260e+02 4.793367016452908247e-03
2.525153841171136264e+02 1.994132983547091555e+02 7.449151444487628121e-04
2.521033164917735405e+02 2.034517424536857106e+02 2.202357818370255082e-03
2.529027076046120044e+02 2.094830936649825048e+02 7.449151444487628121e-04
2.530610506542298310e+02 2.099508032128514117e+02 3.280865397072159351e-02
2.531024420261692001e+02 2.099896035755926960e+02 3.209612644124886643e-02
2.530681759295245570e+02 2.099629809560823901e+02 1.376473636481409524e-02
2.530583300945718292e+02 2.099911581811115298e+02 1.175670423630003833e-02
2.530283715507190152e+02 2.101961393962948534e+02 1.522217903873558827e-02
2.527146974996761344e+02 2.116956535820702072e+02 2.966705531804637863e-02
2.525478365073196017e+02 2.125484842596191299e+02 2.033942220494882810e-02
2.526378740769529827e+02 2.130332620805803856e+02 7.449151444487628337e-03
2.527147298872910994e+02 2.133499157922010738e+02 5.538282160901671601e-03
2.527277173208964882e+02 2.134915468324912524e+02 2.331908278274388065e-03
2.527674893120870649e+02 2.135314483741417177e+02 2.299520663298354820e-03
2.527511983417541046e+02 2.135317398626765169e+02 2.591009198082653165e-03
2.527645744267392161e+02 2.135391566265060135e+02 3.173986267651250290e-03
2.524582199766809083e+02 2.130243554864619853e+02 1.360279828993392857e-03
2.524878870319989517e+02 2.130457313123461631e+02 1.716543593729757695e-03
2.525452778857364819e+02 2.131130975514963097e+02 2.040419743490089286e-03
2.525514315325819439e+02 2.131877833916310294e+02 1.392667443969426103e-03
2.521573714211685342e+02 2.123470332944681900e+02 0.000000000000000000e+00
2.522064386578572339e+02 2.045091980826531994e+02 7.708252364295893437e-03
2.529412164788184896e+02 2.009228203135121191e+02 1.833139007643477120e-02
2.529177678455758382e+02 2.001978559398885977e+02 1.360279828993392857e-03
2.529380424925508350e+02 2.003243619639849840e+02 1.943256898561989982e-03
2.519529731830548087e+02 2.045443710325171764e+02 1.943256898561989982e-03
2.531015027853349011e+02 2.091181500194325622e+02 6.969814742842336819e-02
2.529174439694261025e+02 2.122387291099883271e+02 6.380360150278533392e-03
2.529032581940665807e+02 2.123581098587899874e+02 1.246923176577276887e-02
2.527454981215183238e+02 2.124625599170877024e+02 8.647493198600855399e-03
2.526902124627542321e+02 2.124331843503044297e+02 8.971369348361186991e-03
2.524494429330224250e+02 2.121592499028371606e+02 4.178002331908277876e-03
2.524708187589066029e+02 2.121785529213628649e+02 5.894545925638036005e-03
2.525272055965798756e+02 2.123866433475838846e+02 5.635445005829770905e-03
2.527081552014509782e+02 2.129224316621323965e+02 9.003756963337220670e-03
2.528425638036015073e+02 2.134882432957637093e+02 4.663816556548776131e-03
2.528815584920326387e+02 2.136373558751133430e+02 9.392408343049617452e-04
2.528869024485036903e+02 2.136388133177872817e+02 9.068532193289286078e-04
2.528783521181500191e+02 2.136868117631817654e+02 8.744656043528954703e-04
2.525005182018396113e+02 2.132522995206632856e+02 9.716284492809949369e-05
2.524691346029278520e+02 2.132062767197823518e+02 1.295504599041326583e-04
2.524967288508874219e+02 2.132176771602539134e+02 0.000000000000000000e+00
2.522804443580774603e+02 2.129208122813836042e+02 0.000000000000000000e+00
2.521722697240575144e+02 2.127156043528954399e+02 0.000000000000000000e+00
2.521692576758647419e+02 2.127194584790775878e+02 0.000000000000000000e+00
2.520874465604352963e+02 2.125730016841559689e+02 0.000000000000000000e+00
2.523745303795828363e+02 2.079128125404845093e+02 1.719782355227360976e-02
2.526120287602020937e+02 2.032794727296281962e+02 0.000000000000000000e+00
2.521955888068402771e+02 2.023487174504469408e+02 2.072807358466122532e-03
2.521352830677548980e+02 2.020790581681565072e+02 4.145614716932245064e-03
2.522465669128125398e+02 2.023359567301463926e+02 4.599041326596709639e-03
2.520390270760461249e+02 2.062338709677419217e+02 1.833139007643477120e-02
2.536025068013991586e+02 2.107606231377121446e+02 9.521958802953750869e-03
2.533618992097422051e+02 2.109605194973442224e+02 1.787796346677030662e-02
2.530850174893120936e+02 2.110609211037699140e+02 7.934965669128124857e-03
2.529577017748412970e+02 2.109605518849591874e+02 6.574685840134732867e-03
2.529427063091073933e+02 2.109467223733644232e+02 7.125275294727295879e-03
2.529019303018525591e+02 2.110821349915792098e+02 6.250809690374400408e-03
2.526760266873947387e+02 2.120714146910221416e+02 4.210389946884311556e-03
2.526789739603575526e+02 2.127122684285529317e+02 8.712268428552921024e-03
2.524126506024096273e+02 2.133754696204171637e+02 0.000000000000000000e+00
2.524710778598264085e+02 2.134276784557585245e+02 0.000000000000000000e+00
2.524609729239538751e+02 2.134123915014898216e+02 0.000000000000000000e+00
2.524924536857105863e+02 2.134438722632465328e+02 3.238761497603316456e-05
2.521941961393962970e+02 2.127960875761108923e+02 0.000000000000000000e+00
2.520371162067625335e+02 2.126539059463661090e+02 0.000000000000000000e+00
2.520204041974349138e+02 2.126163363129939228e+02 0.000000000000000000e+00
2.520512695945070618e+02 2.126339875631558414e+02 0.000000000000000000e+00
2.521436714600336870e+02 2.127171913460292672e+02 2.591009198082653165e-04
2.522847195232542958e+02 2.128070669775877661e+02 5.182018396165306330e-04
2.522099365202746526e+02 2.127142764606814467e+02 5.182018396165306330e-04
2.525959645031739740e+02 2.082891890141210069e+02 1.269594507060500116e-02
2.523238113745303792e+02 2.020601114133955036e+02 1.962689467547609756e-02
2.520949604871097165e+02 2.013617048840523296e+02 7.546314289415727641e-03
2.519614911257934864e+02 2.010219911905687127e+02 6.088871615494234613e-03
2.521602863065163831e+02 2.012368506283197291e+02 4.275165176836378048e-03
2.525551237206892097e+02 2.071756704236300095e+02 1.216478818499805714e-01
2.527931079155331133e+02 2.117425184609405449e+02 7.773027594247959495e-04
2.528029861381007777e+02 2.118494623655913927e+02 1.684155978753724666e-03
2.526735328410415775e+02 2.117094830936649714e+02 1.684155978753724666e-03
2.526205143153258064e+02 2.116190892602668612e+02 2.591009198082653165e-04
2.525983287990672466e+02 2.116401735976162684e+02 1.036403679233061266e-03
2.525555771472988624e+02 2.119273869672237254e+02 2.396683508226454123e-03
2.526310402901930274e+02 2.125993004275165106e+02 3.368311957507449331e-03
2.527915856976292162e+02 2.132875048581422561e+02 1.295504599041326583e-04
2.528150667184868610e+02 2.136301982122036520e+02 1.295504599041326583e-04
2.527795051172431613e+02 2.142107785982640280e+02 0.000000000000000000e+00
2.528368959709806916e+02 2.144358077471175079e+02 0.000000000000000000e+00
2.527476680917217209e+02 2.143025327114911249e+02 0.000000000000000000e+00
2.527465021375825813e+02 2.142991643995336233e+02 0.000000000000000000e+00
2.523423694779116602e+02 2.134653128643606692e+02 0.000000000000000000e+00
2.523692835859567367e+02 2.134379453297059115e+02 0.000000000000000000e+00
2.524243749190309529e+02 2.134669970203394200e+02 0.000000000000000000e+00
2.522103575592693403e+02 2.130247117502267145e+02 0.000000000000000000e+00
2.520877056613551019e+02 2.127092887679751243e+02 0.000000000000000000e+00
2.524329900246145826e+02 2.077847195232542958e+02 0.000000000000000000e+00
2.520604352895452678e+02 2.033621583106620108e+02 0.000000000000000000e+00
2.519979595802565200e+02 2.013012372068920968e+02 1.748931208705790941e-02
2.520214406011141364e+02 2.012066977587770396e+02 1.554605518849591986e-02
2.521209677419354875e+02 2.012520728073584735e+02 5.020080321285140534e-03
2.520404845187200351e+02 2.061853219328928617e+02 2.331908278274388065e-03
2.525050848555512459e+02 2.110226389428682410e+02 1.404650861510558235e-01
2.524575074491514499e+02 2.112003497862417305e+02 1.178909185127607201e-01
2.524097357170618068e+02 2.115001619380748821e+02 2.098717450446949129e-02
2.523411387485425621e+02 2.114823487498380530e+02 7.708252364295893437e-03
2.522728980437880466e+02 2.114265448892343500e+02 5.862158310662003192e-03
2.523611542945977533e+02 2.116013408472600190e+02 4.501878481668610335e-03
2.525164205207928489e+02 2.121636546184738847e+02 1.072030055706697793e-02
2.526672172561212619e+02 2.127555706697758637e+02 4.404715636740510164e-03
2.526531286436066921e+02 2.131574685840134862e+02 2.331908278274388065e-03
2.527563803601502741e+02 2.133771861640108796e+02 2.591009198082653165e-03
