2.529180409356725079e+02 2.316395029239766075e+02 5.210526315789473228e-01
2.532352923976608281e+02 1.769822514619883123e+02 6.582163742690058106e-01
2.524245614035087613e+02 1.828404093567251323e+02 5.045029239766082307e-01
2.525077192982456040e+02 1.831621929824561334e+02 5.265497076023392120e-01
2.522891228070175487e+02 1.829464327485380011e+02 4.348538011695906591e-01
2.520673099415204774e+02 1.826940935672514570e+02 3.278362573099415367e-01
2.517463742690058552e+02 1.819693859649122771e+02 1.576608187134502792e-01
2.516711403508771809e+02 1.819272514619883054e+02 7.865497076023392209e-02
2.518304678362572986e+02 1.822917836257310000e+02 6.488304093567251463e-02
2.520534502923976561e+02 1.828156725146198767e+02 7.011695906432748038e-02
2.524444152046783643e+02 1.837877192982456052e+02 7.807017543859649800e-02
2.524757602339181233e+02 1.843366081871345159e+02 6.222222222222222043e-02
2.526118713450292432e+02 1.847964035087719310e+02 6.324561403508771606e-02
2.526613742690058473e+02 1.851112280701754287e+02 5.839181286549707806e-02
2.527459649122806979e+02 1.855042105263158021e+02 5.441520467836257618e-02
2.528589181286549774e+02 1.856930701754386064e+02 5.608187134502923971e-02
2.529009356725146063e+02 1.860404385964912422e+02 5.959064327485379814e-02
2.529374561403508892e+02 1.864454093567251505e+02 4.251461988304093553e-02
2.528792105263158021e+02 1.868978947368421188e+02 3.374269005847953251e-02
2.528519005847953167e+02 1.872479532163742704e+02 3.327485380116958907e-02
2.526663450292397783e+02 1.870554385964912285e+02 3.307017543859649272e-02
2.520734210526315735e+02 1.801838304093567160e+02 6.286549707602339353e-03
2.516476315789473688e+02 1.793901461988304220e+02 3.918128654970759808e-03
2.516303801169590599e+02 1.788060526315789502e+02 1.271929824561403473e-02
2.517877192982456052e+02 1.790352923976608110e+02 1.555555555555555511e-02
2.521530409356725215e+02 1.798135672514619898e+02 2.824561403508771967e-02
2.523307309941520487e+02 1.809122807017543835e+02 3.476608187134502814e-02
2.524123684210526335e+02 1.815873099415204592e+02 9.421052631578946679e-02
2.523290058479532263e+02 1.818025146198830271e+02 5.707602339181286344e-02
2.522308187134503044e+02 1.817162865497076041e+02 4.555555555555555747e-02
2.521392397660818574e+02 1.816394152046783574e+02 4.432748538011695855e-02
2.521502631578947273e+02 1.817473684210526415e+02 5.260233918128655317e-02
2.523635380116959084e+02 1.822506725146198789e+02 9.535087719298245001e-02
2.524750584795321515e+02 1.828665497076023314e+02 1.136842105263157904e-01
2.525695906432748643e+02 1.841104093567251425e+02 7.780701754385964397e-02
2.526830701754385871e+02 1.845277192982456143e+02 1.183333333333333320e-01
2.527074561403508710e+02 1.848944152046783529e+02 9.412280701754385803e-02
2.526793567251461923e+02 1.849336549707602444e+02 9.909356725146198364e-02
2.527177485380117048e+02 1.850161111111111154e+02 9.321637426900585000e-02
2.527340058479532274e+02 1.851988888888888880e+02 9.883040935672514349e-02
2.527538888888888948e+02 1.852235672514619864e+02 1.127192982456140385e-01
2.528294152046783552e+02 1.855125438596491279e+02 9.020467836257309302e-02
2.529061111111111018e+02 1.857076315789473711e+02 1.067836257309941472e-01
2.528068713450292364e+02 1.856851461988304095e+02 6.412280701754385914e-02
2.519619883040935804e+02 1.823258479532163676e+02 4.339181286549707861e-02
2.517656140350877081e+02 1.796070467836257194e+02 2.236842105263157909e-02
2.516714035087719310e+02 1.789527192982456256e+02 1.795321637426900568e-02
2.518887719298245713e+02 1.791891812865497116e+02 2.035087719298245626e-02
2.519442397660818642e+02 1.803735964912280565e+02 3.464912280701754055e-02
2.522409649122807025e+02 1.823952631578947319e+02 1.060526315789473706e-01
2.524062573099415090e+02 1.836147953216374162e+02 1.232748538011695927e-01
2.524740350877193009e+02 1.837771345029239853e+02 1.403508771929824483e-01
2.523388888888889028e+02 1.836705847953216448e+02 1.027192982456140297e-01
2.522868713450292262e+02 1.834995906432748427e+02 7.614035087719298045e-02
2.522505263157894717e+02 1.834535087719298190e+02 7.944444444444444253e-02
2.524119590643274762e+02 1.836854970760233812e+02 1.095614035087719290e-01
2.524954678362573190e+02 1.841008771929824661e+02 8.441520467836256814e-02
2.527165204678362613e+02 1.845014035087719435e+02 1.356140350877192979e-01
2.527247953216374299e+02 1.850025438596491369e+02 9.923976608187135007e-02
2.527805847953216301e+02 1.853013157894736764e+02 1.303216374269005884e-01
2.524015497076023280e+02 1.859719590643274785e+02 7.017543859649122938e-03
2.524280701754385916e+02 1.859716081871345068e+02 5.964912280701754541e-03
2.524232748538011606e+02 1.859486257309941379e+02 1.116959064327485360e-02
2.524747368421052727e+02 1.860116666666666561e+02 1.824561403508771773e-02
2.524977192982456131e+02 1.860888888888889028e+02 2.269005847953216304e-02
2.525614327485380102e+02 1.861546783625730939e+02 2.464912280701754554e-02
2.520217543859649254e+02 1.854426900584795419e+02 1.587719298245613905e-02
2.521430409356725022e+02 1.803246491228070170e+02 3.804093567251461833e-02
2.518436842105263054e+02 1.785848245614035079e+02 2.128654970760233966e-02
2.517128070175438666e+02 1.782510818713450362e+02 2.084795321637426813e-02
2.517763742690058564e+02 1.784042690058479650e+02 3.222222222222222154e-02
2.520096783625731121e+02 1.788785672514619876e+02 4.979532163742689949e-02
2.521006725146198733e+02 1.797563157894736889e+02 6.461988304093567448e-02
2.522301169590643326e+02 1.807804385964912228e+02 9.839181286549707195e-02
2.522434502923976538e+02 1.811089181286549774e+02 9.634502923976608069e-02
2.520315497076023519e+02 1.809475730994151945e+02 7.736842105263157243e-02
2.519804678362573043e+02 1.807463157894736980e+02 7.011695906432748038e-02
2.520136257309941641e+02 1.807910526315789355e+02 4.467836257309941439e-02
2.521915497076023485e+02 1.812236257309941436e+02 7.540935672514620380e-02
2.524461403508771866e+02 1.817620175438596561e+02 1.043567251461988282e-01
2.525592690058479661e+02 1.823583333333333201e+02 1.050877192982456187e-01
2.524347368421052522e+02 1.831197076023391901e+02 9.707602339181287121e-02
2.525719590643274728e+02 1.836901754385964978e+02 1.486257309941520499e-01
2.524914912280701742e+02 1.840350292397660894e+02 9.926900584795321503e-02
2.525085672514619830e+02 1.841395614035087647e+02 1.046491228070175472e-01
2.525499415204678257e+02 1.843325146198830282e+02 7.850877192982455566e-02
2.526022222222222240e+02 1.845242397660818767e+02 9.578947368421052155e-02
2.526097076023391708e+02 1.847583333333333258e+02 1.245614035087719285e-01
2.525945029239766200e+02 1.848745614035087783e+02 1.099707602339181217e-01
2.525275438596491142e+02 1.848177485380116991e+02 9.587719298245614419e-02
2.519638304093567172e+02 1.825935672514619910e+02 2.538011695906432913e-02
2.520464912280701810e+02 1.785155847953216437e+02 2.678362573099415250e-02
2.518952923976608247e+02 1.774711403508771923e+02 1.207602339181286510e-02
2.519186257309941652e+02 1.771274561403508869e+02 1.289473684210526265e-02
2.520860526315789514e+02 1.773109941520467885e+02 2.052631578947368418e-02
2.523705847953216335e+02 1.783942982456140385e+02 2.999999999999999889e-02
2.522600877192982409e+02 1.795296491228070295e+02 6.254385964912280438e-02
2.520180994152046878e+02 1.799370760233918247e+02 5.005847953216373963e-02
2.520115497076023416e+02 1.798098245614035022e+02 4.140350877192982421e-02
2.519909649122807025e+02 1.795428654970760363e+02 2.704678362573099265e-02
2.518973976608187115e+02 1.791758771929824547e+02 1.254385964912280681e-02
2.519154385964912422e+02 1.790554093567251357e+02 1.263157894736842077e-02
2.520160818713450226e+02 1.791458771929824536e+02 1.286549707602339249e-02
2.521542105263157794e+02 1.795065789473684106e+02 2.000000000000000042e-02
2.521833040935672443e+02 1.800494444444444468e+02 4.467836257309941439e-02
2.521325146198830396e+02 1.806210818713450408e+02 8.242690058479532067e-02
2.519999122807017500e+02 1.810064327485380034e+02 9.479532163742690476e-02
2.520506432748537975e+02 1.811351461988303981e+02 8.807017543859649300e-02
2.520206725146198892e+02 1.812901169590643349e+02 8.473684210526315208e-02
2.521041228070175464e+02 1.813972807017543971e+02 9.970760233918128657e-02
2.521333625730994186e+02 1.816090350877192918e+02 9.011695906432748426e-02
2.521845906432748450e+02 1.821540643274853721e+02 7.055555555555555192e-02
2.523276608187134400e+02 1.829963450292397624e+02 1.176608187134502992e-01
2.524040643274853721e+02 1.837273684210526312e+02 1.430409356725146075e-01
2.523448538011695916e+02 1.838706725146198835e+02 1.595906432748538106e-01
2.517969883040935599e+02 1.816879239766081753e+02 3.412280701754386025e-02
2.521418421052631516e+02 1.775985964912280792e+02 3.947368421052631360e-02
2.518209649122807150e+02 1.767652923976608292e+02 1.421052631578947380e-02
2.518549122807017682e+02 1.767881286549707625e+02 2.432748538011695813e-02
2.520766374269005894e+02 1.775390643274853915e+02 2.307017543859649078e-02
2.519077777777777669e+02 1.796655555555555566e+02 1.108187134502923964e-02
2.521657309941520566e+02 1.804059064327485373e+02 1.406432748538011777e-02
2.523558187134503044e+02 1.807726608187134616e+02 4.350877192982455927e-02
2.523714035087719196e+02 1.808114327485380102e+02 5.052631578947368307e-02
2.523588596491228202e+02 1.808397076023391890e+02 5.897660818713450215e-02
2.523474561403508858e+02 1.808295614035087624e+02 6.514619883040935477e-02
2.523863450292397772e+02 1.810703801169590577e+02 7.649122807017544323e-02
2.525075730994151968e+02 1.815605555555555668e+02 1.052339181286549713e-01
2.524266959064327409e+02 1.822523976608187013e+02 1.207602339181286510e-01
2.525365204678362545e+02 1.828498830409356799e+02 1.333333333333333315e-01
2.524442105263157998e+02 1.830524269005848055e+02 1.285964912280701811e-01
2.524635672514619955e+02 1.833860818713450271e+02 1.311695906432748526e-01
2.524962280701754480e+02 1.837692690058479457e+02 1.367836257309941461e-01
2.523936842105263167e+02 1.840793274853801051e+02 1.507894736842105288e-01
2.524254093567251402e+02 1.842426315789473676e+02 1.363450292397660746e-01
2.524364035087719174e+02 1.844904385964912308e+02 1.066081871345029297e-01
2.523809064327485316e+02 1.846641520467836131e+02 9.678362573099415223e-02
2.525137134502923857e+02 1.851298538011695882e+02 1.002923976608187107e-01
2.526162280701754526e+02 1.859922807017543960e+02 1.227485380116959124e-01
2.527544152046783665e+02 1.865968421052631641e+02 1.034795321637426851e-01
2.526827192982456154e+02 1.868291228070175407e+02 7.499999999999999722e-02
2.523372807017543948e+02 1.851021929824561312e+02 3.362573099415204492e-02
2.523054678362573213e+02 1.807675146198830305e+02 3.508771929824561209e-02
2.525263157894736707e+02 1.764464912280701867e+02 2.596491228070175322e-02
2.525783918128655046e+02 1.766427777777777806e+02 2.169590643274853931e-02
2.523321345029239637e+02 1.773659649122807025e+02 2.078947368421052780e-02
2.524363157894736958e+02 1.784976608187134559e+02 5.640350877192982365e-02
2.523354093567251368e+02 1.796678654970760363e+02 9.453216374269006461e-02
2.522017543859649038e+02 1.800733918128655091e+02 7.137426900584795120e-02
2.520744152046783597e+02 1.799525438596491256e+02 4.333333333333333481e-02
2.518608187134502998e+02 1.796334795321637330e+02 3.418128654970760405e-02
2.519048830409356867e+02 1.795511403508772048e+02 3.535087719298245917e-02
2.520222514619883043e+02 1.797667543859649015e+02 4.219298245614035159e-02
2.521649707602339276e+02 1.804446198830409287e+02 5.742690058479531928e-02
2.522024561403508756e+02 1.810921929824561403e+02 7.529239766081871621e-02
2.522021929824561539e+02 1.816097953216374208e+02 6.184210526315789269e-02
2.522287426900584819e+02 1.820125438596491279e+02 9.269005847953216970e-02
2.523081578947368371e+02 1.824425146198830419e+02 8.555555555555555136e-02
2.523278070175438472e+02 1.827134502923976527e+02 9.877192982456139969e-02
2.522821929824561380e+02 1.828112280701754457e+02 6.859649122807016941e-02
2.522992105263157896e+02 1.828505847953216232e+02 8.850877192982456454e-02
2.523092397660818733e+02 1.830091228070175475e+02 7.611111111111111549e-02
2.523852046783625838e+02 1.833528654970760101e+02 8.921052631578947623e-02
2.525460818713450237e+02 1.840943859649122771e+02 7.190058479532163149e-02
2.525594152046783734e+02 1.844264912280701765e+02 9.350877192982455510e-02
2.524791228070175464e+02 1.843698830409356617e+02 6.649122807017543435e-02
2.522540643274853664e+02 1.802202046783625633e+02 2.950292397660818702e-02
2.523308479532163631e+02 1.767754678362573202e+02 2.774853801169590781e-02
2.517919883040935645e+02 1.761124269005848078e+02 7.543859649122806703e-03
2.519699999999999989e+02 1.762459649122806979e+02 9.561403508771930404e-03
2.522106140350877297e+02 1.766921929824561346e+02 1.421052631578947380e-02
2.523415497076023257e+02 1.775942397660818699e+02 3.055555555555555455e-02
2.522972222222222172e+02 1.788291812865496979e+02 7.169590643274853514e-02
2.522555263157894672e+02 1.790939181286549626e+02 6.415204678362572410e-02
2.522420760233918031e+02 1.791469590643274898e+02 3.318713450292397338e-02
2.521002046783625872e+02 1.790083333333333258e+02 2.663742690058479648e-02
2.520093274853801120e+02 1.789490058479532024e+02 1.923976608187134493e-02
2.520505263157894831e+02 1.791177777777777749e+02 1.684210526315789436e-02
2.521742690058479468e+02 1.794873099415204649e+02 3.616959064327485152e-02
2.522096198830409435e+02 1.803213157894736867e+02 6.108187134502923721e-02
2.520086257309941402e+02 1.816545614035087794e+02 1.409356725146198794e-02
2.521612573099415329e+02 1.819844444444444491e+02 2.204678362573099515e-02
2.522605555555555554e+02 1.820940350877193055e+02 3.067251461988304215e-02
2.522961988304093666e+02 1.822473684210526415e+02 3.888888888888888951e-02
2.523134210526315826e+02 1.822688596491228168e+02 4.862573099415204436e-02
2.522635964912280713e+02 1.822324853801169695e+02 4.850877192982456371e-02
2.522898245614035204e+02 1.822947660818713587e+02 4.923976608187134729e-02
2.524511111111111177e+02 1.824486257309941379e+02 6.114035087719298101e-02
2.525051169590643383e+02 1.826861988304093529e+02 7.192982456140351033e-02
2.525889473684210600e+02 1.829845614035087635e+02 8.000000000000000167e-02
2.524607602339181369e+02 1.828330701754385927e+02 6.622807017543859420e-02
2.519873099415204649e+02 1.784223099415204672e+02 3.432748538011695660e-02
2.525319883040935736e+02 1.746996783625731098e+02 2.657894736842105268e-02
2.522700584795321674e+02 1.740366959064327546e+02 3.190058479532163760e-02
2.524227777777777817e+02 1.742921637426900645e+02 6.201754385964912408e-02
2.524263157894736764e+02 1.753534795321637318e+02 1.008771929824561348e-01
2.521521052631578925e+02 1.802034210526315690e+02 4.725146198830409289e-02
2.521892105263157760e+02 1.805513450292397692e+02 5.432748538011696049e-02
2.521276023391812942e+02 1.809672222222222331e+02 5.251461988304093748e-02
2.521508479532163847e+02 1.810228947368421188e+02 7.128654970760234244e-02
2.520956140350877206e+02 1.809030116959064287e+02 5.210526315789473784e-02
2.520680994152046708e+02 1.808859064327485271e+02 5.280701754385964952e-02
2.521185964912280610e+02 1.813052046783625713e+02 4.678362573099414945e-02
2.524512865497075893e+02 1.818984210526315906e+02 9.830409356725146319e-02
2.524242690058479468e+02 1.827797076023391867e+02 1.300584795321637344e-01
2.524706725146198778e+02 1.834735672514619864e+02 1.350292397660818600e-01
2.524486842105263236e+02 1.840652046783625622e+02 7.172514619883041398e-02
2.525485964912280679e+02 1.841676315789473790e+02 8.432748538011695938e-02
2.524886549707602228e+02 1.843364327485380159e+02 5.944444444444444559e-02
2.524848830409356708e+02 1.844381871345029253e+02 6.602339181286549785e-02
2.525085380116959186e+02 1.845336257309941459e+02 6.327485380116959490e-02
2.524855263157894854e+02 1.845402923976608065e+02 6.862573099415204825e-02
2.525131578947368496e+02 1.848214327485380011e+02 7.546783625730994760e-02
2.526187719298245611e+02 1.852730409356725261e+02 7.178362573099415778e-02
2.527439766081871255e+02 1.855744444444444525e+02 9.178362573099414778e-02
2.527290350877192964e+02 1.860072807017543823e+02 5.093567251461988271e-02
2.525385380116959197e+02 1.857870175438596618e+02 5.116959064327485096e-02
2.521773976608187127e+02 1.806497953216374128e+02 5.517543859649122473e-02
2.524212573099415238e+02 1.770291228070175578e+02 2.687134502923976473e-02
2.522322514619883123e+02 1.763088304093567160e+02 2.473684210526315777e-02
2.523822807017543823e+02 1.764324561403508653e+02 3.526315789473684348e-02
2.525299707602339083e+02 1.774920175438596459e+02 2.324561403508771870e-02
2.524309064327485430e+02 1.784875146198830294e+02 4.710526315789473339e-02
2.522836549707602387e+02 1.799300877192982568e+02 7.438596491228070817e-02
2.521714619883040882e+02 1.804538888888888835e+02 9.239766081871345071e-02
2.521336257309941402e+02 1.804333625730994015e+02 6.482456140350877083e-02
2.520886257309941527e+02 1.802902046783625849e+02 6.371345029239766644e-02
2.520550292397660712e+02 1.803954093567251391e+02 4.871345029239766006e-02
2.521737134502924107e+02 1.809171929824561289e+02 5.961988304093567004e-02
2.523751754385965000e+02 1.815496491228070113e+02 1.027485380116959085e-01
2.524149122807017420e+02 1.824131286549707625e+02 1.170175438596491174e-01
2.523508479532163733e+02 1.832988011695906323e+02 1.111111111111111049e-01
2.523864912280701844e+02 1.842109941520467942e+02 1.030409356725146136e-01
2.523804970760234028e+02 1.846542105263157794e+02 7.143274853801169499e-02
2.524602046783625724e+02 1.848738011695906494e+02 6.511695906432748981e-02
2.525322807017543880e+02 1.850790350877192907e+02 4.853801169590643561e-02
2.526210233918128552e+02 1.851878947368421109e+02 6.374269005847953140e-02
2.525627777777777681e+02 1.853168713450292273e+02 5.666666666666666380e-02
2.526294152046783665e+02 1.854660818713450396e+02 6.347953216374269125e-02
2.526216081871345125e+02 1.857658187134503009e+02 5.122807017543859476e-02
2.525105263157894626e+02 1.864767543859649095e+02 1.330409356725146229e-02
2.525784210526315690e+02 1.865971637426900713e+02 1.581871345029239873e-02
2.524095321637426821e+02 1.863784502923976731e+02 1.169590643274853736e-02
2.524238304093567251e+02 1.810412865497075927e+02 1.023391812865497019e-01
2.520087426900584830e+02 1.783274269005847827e+02 4.526315789473684542e-02
2.528335380116959072e+02 1.733112280701754457e+02 1.496198830409356806e-01
2.530086549707602330e+02 1.736111403508772071e+02 1.289181286549707650e-01
2.523949707602339174e+02 1.759662865497076041e+02 5.827485380116959046e-02
2.519951169590643190e+02 1.808875146198830350e+02 2.029239766081871246e-02
2.521452339181286675e+02 1.814409941520467839e+02 4.073099415204678442e-02
2.523107017543859740e+02 1.818192397660818642e+02 6.798245614035088036e-02
2.521485964912280622e+02 1.817409064327485453e+02 5.912280701754386164e-02
2.520054385964912171e+02 1.815351754385964966e+02 4.532163742690058228e-02
2.519879532163742795e+02 1.814567251461988349e+02 3.742690058479532234e-02
2.520980409356725147e+02 1.816588888888888960e+02 4.666666666666666879e-02
2.522596491228070192e+02 1.821906140350877195e+02 6.710526315789473728e-02
2.522735964912280622e+02 1.832062865497076132e+02 1.002631578947368457e-01
2.524613157894736730e+02 1.841291812865497093e+02 1.000000000000000056e-01
2.526145906432748518e+02 1.848710233918128552e+02 5.961988304093567004e-02
2.527077192982456211e+02 1.854101754385964966e+02 4.669590643274854069e-02
2.527900584795321777e+02 1.856943859649122714e+02 7.321637426900584611e-02
2.527512573099415079e+02 1.858522222222222240e+02 8.312865497076023236e-02
2.527433918128654966e+02 1.860187426900584740e+02 6.236842105263157993e-02
2.527538011695906448e+02 1.860599707602339095e+02 5.672514619883040760e-02
2.528183333333333280e+02 1.863310233918128631e+02 7.005847953216373658e-02
2.529183918128655080e+02 1.867609356725146199e+02 8.763157894736842146e-02
2.528757309941520361e+02 1.871299999999999955e+02 6.692982456140350589e-02
2.528564327485379977e+02 1.871822222222222081e+02 6.701754385964912852e-02
2.519798538011695825e+02 1.807342397660818847e+02 2.695906432748538042e-02
2.523743274853801211e+02 1.769341812865497161e+02 9.210526315789472826e-03
2.521469883040935542e+02 1.764598245614035079e+02 5.994152046783625572e-03
2.521696491228070158e+02 1.765406725146198710e+02 1.324561403508771849e-02
2.522908187134502782e+02 1.773340350877192861e+02 1.242690058479532095e-02
2.523674561403508676e+02 1.786245321637426855e+02 4.263157894736842313e-02
2.521186257309941539e+02 1.805078362573099469e+02 4.578947368421052572e-02
2.520494736842105397e+02 1.808728947368421132e+02 4.105263157894736836e-02
2.519849415204678280e+02 1.806692690058479513e+02 2.862573099415204742e-02
2.518392105263157816e+02 1.799809941520467760e+02 1.874269005847953307e-02
2.518090643274853733e+02 1.798367836257309875e+02 1.368421052631579003e-02
2.518978654970760260e+02 1.798700584795321618e+02 1.423976608187134570e-02
2.519912280701754526e+02 1.800758479532163676e+02 2.020467836257310024e-02
2.521343567251462048e+02 1.804806432748538043e+02 4.078947368421052821e-02
2.521994736842105169e+02 1.809973684210526415e+02 5.321637426900584916e-02
2.522911988304093427e+02 1.815371929824561334e+02 7.163742690058479134e-02
2.523011695906432692e+02 1.817685672514620023e+02 8.081871345029240095e-02
2.523340643274853790e+02 1.821109941520467714e+02 7.713450292397661112e-02
2.522332456140350985e+02 1.822101754385964796e+02 8.026315789473684181e-02
2.522781286549707715e+02 1.822789473684210577e+02 6.985380116959064023e-02
2.523489181286549581e+02 1.823638596491228157e+02 8.213450292397660168e-02
2.523198245614035216e+02 1.826452631578947319e+02 9.090643274853801858e-02
2.524414619883040984e+02 1.829185087719298224e+02 1.125730994152046721e-01
2.524461695906432794e+02 1.831209356725146336e+02 7.880116959064327464e-02
2.519566666666666777e+02 1.813261403508771821e+02 2.049707602339181228e-02
2.524772807017543812e+02 1.755289473684210577e+02 3.923976608187134535e-02
2.521669883040935645e+02 1.737737134502924050e+02 2.482456140350877347e-02
2.520879532163742738e+02 1.734584210526315928e+02 2.959064327485380272e-02
2.523163157894736912e+02 1.739921929824561460e+02 3.552631578947368363e-02
2.526545906432748438e+02 1.753239473684210452e+02 6.497076023391812338e-02
2.519869883040935576e+02 1.807511111111111006e+02 6.730994152046783363e-02
2.520321345029239808e+02 1.808950292397660746e+02 6.771929824561404021e-02
2.519604678362573225e+02 1.807035087719298190e+02 1.663742690058479454e-02
2.518133333333333326e+02 1.799536257309941618e+02 5.000000000000000104e-03
2.515306432748537873e+02 1.795354385964912183e+02 4.327485380116959449e-03
2.515270467836257353e+02 1.795250000000000057e+02 4.970760233918129073e-03
2.516695321637427014e+02 1.796464912280701753e+02 1.046783625730994191e-02
2.518340350877192861e+02 1.798502631578947444e+02 1.137426900584795342e-02
2.521864912280701674e+02 1.803438304093567126e+02 3.470760233918128435e-02
2.523870467836257205e+02 1.809101754385964966e+02 7.114035087719297601e-02
2.524933333333333394e+02 1.812814619883041019e+02 9.131578947368421129e-02
2.524495614035087669e+02 1.813019298245613982e+02 9.233918128654970692e-02
2.524129532163742624e+02 1.813240643274853880e+02 8.959064327485380397e-02
2.523268421052631538e+02 1.813054678362573213e+02 9.643274853801168944e-02
2.523315497076023348e+02 1.815545029239765995e+02 9.885964912280702233e-02
2.523944444444444457e+02 1.818320760233918065e+02 1.257894736842105343e-01
2.524006432748537918e+02 1.820384210526315769e+02 1.474269005847953229e-01
2.520976900584795430e+02 1.815057894736842172e+02 7.029239766081871177e-02
2.525238011695906550e+02 1.760830701754385927e+02 5.038011695906433052e-02
2.522881286549707625e+02 1.735503508771929830e+02 2.309941520467836268e-02
2.520211988304093609e+02 1.728013157894736764e+02 1.552631578947368494e-02
2.523364035087719230e+02 1.732289766081871392e+02 2.111111111111111174e-02
2.527507017543859718e+02 1.744890058479532229e+02 5.903508771929824595e-02
2.521373976608187206e+02 1.802958771929824593e+02 7.456140350877192569e-02
2.521391812865497002e+02 1.807392397660818801e+02 6.725146198830408983e-02
2.520984210526315792e+02 1.807646198830409219e+02 6.339181286549708250e-02
2.519997660818713427e+02 1.804171345029239717e+02 4.602339181286549397e-02
2.518009356725146120e+02 1.799789473684210463e+02 3.570175438596491502e-02
2.517287426900584819e+02 1.798742690058479639e+02 3.350877192982456426e-02
2.518421637426900475e+02 1.800606725146198812e+02 3.327485380116958907e-02
2.520064035087719390e+02 1.803241812865497025e+02 5.944444444444444559e-02
2.522355847953216426e+02 1.809327192982456154e+02 1.097953216374269042e-01
2.522200877192982489e+02 1.812361111111111143e+02 9.105263157894737114e-02
2.523925730994152161e+02 1.816642397660818631e+02 1.047953216374268998e-01
2.523402923976608179e+02 1.818827485380116968e+02 9.283625730994152225e-02
2.523433333333333337e+02 1.819477777777777874e+02 9.546783625730993761e-02
2.523940350877192884e+02 1.823952339181286675e+02 1.008771929824561348e-01
2.523984502923976549e+02 1.826028947368421029e+02 1.184210526315789408e-01
2.524502339181286459e+02 1.828529824561403530e+02 1.346491228070175461e-01
2.524148245614035204e+02 1.829196198830409230e+02 1.047660818713450348e-01
2.520357017543859683e+02 1.817259064327485305e+02 3.883040935672514571e-02
2.525168128654970872e+02 1.770849122807017579e+02 1.485380116959064342e-02
2.520593859649122805e+02 1.763080994152046799e+02 9.093567251461988701e-03
2.519597953216374151e+02 1.759506432748538032e+02 1.046783625730994191e-02
2.522431578947368394e+02 1.763682748538011822e+02 1.555555555555555511e-02
2.525497953216374185e+02 1.775056725146198744e+02 3.529239766081871538e-02
2.524373684210526392e+02 1.789708771929824422e+02 5.172514619883041009e-02
2.521790935672514706e+02 1.798201169590643360e+02 4.833333333333333232e-02
2.521400584795321720e+02 1.796576608187134525e+02 3.388888888888889200e-02
2.519666081871345114e+02 1.793003508771929830e+02 2.877192982456140344e-02
2.519588304093567217e+02 1.790994444444444582e+02 2.283625730994151906e-02
2.519638011695906528e+02 1.791304970760234028e+02 2.435672514619883003e-02
2.521021929824561312e+02 1.792847953216374322e+02 2.374269005847953057e-02
2.522495029239766211e+02 1.796202339181286618e+02 4.540935672514619798e-02
2.521840350877193089e+02 1.800619883040935747e+02 6.134502923976608429e-02
2.521506140350877274e+02 1.805550000000000068e+02 3.687134502923976320e-02
2.522261403508771878e+02 1.807885087719298269e+02 5.520467836257309663e-02
2.522661695906432726e+02 1.810021929824561369e+02 5.251461988304093748e-02
2.521909649122806911e+02 1.811975730994151945e+02 8.251461988304092943e-02
2.521864619883041030e+02 1.814519005847953110e+02 7.029239766081871177e-02
2.523249999999999886e+02 1.816425146198830305e+02 1.150584795321637488e-01
2.522897368421052704e+02 1.818529239766081957e+02 9.377192982456140913e-02
2.519393567251462116e+02 1.810321345029239808e+02 2.473684210526315777e-02
2.521428070175438734e+02 1.777654970760233937e+02 2.543859649122807032e-03
2.517755847953216346e+02 1.766731286549707534e+02 3.508771929824561469e-03
2.517620760233918134e+02 1.766348245614035193e+02 6.257309941520467454e-03
2.521211695906432624e+02 1.773216666666666583e+02 3.605263157894737086e-02
2.523957894736842036e+02 1.782590643274853903e+02 5.023391812865497102e-02
2.523317836257309921e+02 1.800486549707602251e+02 5.649122807017543935e-02
2.523219005847953156e+02 1.806064327485379977e+02 6.599415204678361901e-02
2.521715497076023382e+02 1.805084210526315758e+02 5.052631578947368307e-02
2.519687134502923982e+02 1.799940058479532183e+02 3.184210526315789380e-02
2.519592105263157862e+02 1.797347076023391708e+02 2.602339181286549702e-02
2.519819883040935622e+02 1.797967251461988383e+02 3.114035087719298212e-02
2.521664035087719355e+02 1.803542105263157964e+02 4.681286549707602135e-02
2.522756725146198846e+02 1.810928070175438620e+02 7.447368421052631693e-02
2.521807602339181358e+02 1.821487426900584694e+02 9.184210526315789158e-02
2.522919005847953144e+02 1.832853216374269039e+02 1.495321637426900718e-01
2.523681871345029322e+02 1.839269298245613982e+02 9.766081871345029530e-02
2.525196783625731030e+02 1.843592397660818847e+02 8.538011695906433385e-02
2.525025146198830441e+02 1.847016374269005894e+02 6.292397660818713212e-02
2.525154093567251437e+02 1.847541520467836165e+02 5.912280701754386164e-02
2.524307894736842002e+02 1.846524561403508642e+02 5.587719298245614336e-02
2.516783918128654989e+02 1.826605555555555611e+02 1.801169590643274948e-02
2.519916081871345170e+02 1.789324853801169581e+02 1.976608187134502870e-02
2.518135964912280826e+02 1.784357017543859740e+02 1.122807017543859566e-02
2.518592690058479491e+02 1.783679532163742749e+02 1.207602339181286510e-02
2.520298245614035011e+02 1.786605847953216255e+02 1.815789473684210550e-02
2.521392397660818574e+02 1.797601754385964909e+02 4.365497076023391876e-02
2.523647660818713518e+02 1.809059941520467873e+02 8.312865497076023236e-02
2.523760526315789434e+02 1.814899415204678235e+02 1.184210526315789408e-01
2.522030994152046901e+02 1.815169005847953088e+02 8.666666666666666963e-02
2.521199122807017545e+02 1.814357602339181312e+02 9.517543859649123250e-02
2.520702339181286504e+02 1.814521345029239683e+02 9.532163742690058506e-02
2.520992105263158010e+02 1.816173976608187104e+02 7.388888888888889284e-02
2.522139766081871244e+02 1.820333040935672386e+02 7.646198830409356439e-02
2.522890643274853915e+02 1.823594736842105135e+02 6.979532163742689643e-02
2.523516666666666595e+02 1.825453216374268948e+02 8.078947368421052211e-02
2.524363157894736958e+02 1.829075730994152025e+02 7.578947368421053155e-02
2.524997076023391855e+02 1.832869590643274762e+02 1.026608187134502859e-01
2.525232163742689977e+02 1.838703216374269118e+02 7.152046783625730375e-02
2.525298245614035011e+02 1.840976315789473574e+02 7.421052631578947678e-02
2.525237134502924050e+02 1.840885087719298383e+02 5.880116959064327770e-02
2.518428947368421120e+02 1.825954385964912206e+02 2.356725146198830265e-02
2.521911988304093484e+02 1.786511988304093563e+02 1.087719298245613982e-02
2.519887134502924084e+02 1.773930701754385950e+02 7.046783625730993969e-03
2.521009649122806877e+02 1.772987134502924107e+02 1.464912280701754360e-02
2.521995321637427026e+02 1.775881286549707738e+02 1.482456140350877152e-02
2.523705555555555691e+02 1.781823391812865509e+02 2.505847953216374172e-02
2.523255555555555532e+02 1.789759649122806877e+02 5.400584795321637654e-02
2.523934210526315667e+02 1.796673976608187218e+02 6.654970760233917815e-02
2.523375730994152093e+02 1.797713157894736753e+02 5.526315789473684043e-02
2.521178362573099321e+02 1.794513742690058393e+02 3.941520467836256980e-02
2.519876608187134366e+02 1.793087426900584660e+02 2.535087719298245723e-02
2.519832748538011629e+02 1.793951169590643246e+02 2.599415204678362512e-02
2.521199122807017545e+02 1.797227192982456074e+02 3.254385964912280549e-02
2.523008479532163619e+02 1.800829532163742783e+02 6.640350877192982559e-02
2.523965204678362682e+02 1.804585672514620001e+02 9.412280701754385803e-02
2.522997953216374185e+02 1.808426315789473620e+02 6.616959064327485041e-02
2.522517543859649152e+02 1.809531286549707545e+02 6.809941520467836795e-02
2.522821345029239808e+02 1.811302339181286527e+02 6.195906432748538029e-02
2.522956432748538020e+02 1.812085380116959072e+02 5.116959064327485096e-02
2.519911988304093597e+02 1.817052631578947341e+02 2.637426900584795286e-02
2.518590643274853846e+02 1.816199415204678473e+02 1.681286549707602246e-02
2.518117251461988246e+02 1.796274853801169513e+02 1.210526315789473700e-02
2.525906140350877251e+02 1.753959941520467964e+02 5.798245614035087842e-02
2.522427485380116821e+02 1.744320760233918008e+02 4.730994152046783668e-02
2.521672514619883145e+02 1.738840058479532047e+02 3.728070175438596284e-02
2.522206140350877206e+02 1.739962280701754480e+02 4.038011695906432857e-02
2.524599707602339151e+02 1.742993274853801040e+02 4.678362573099414945e-02
2.522141520467836244e+02 1.794976315789473631e+02 3.377192982456140441e-02
2.522530116959064230e+02 1.796866081871345102e+02 3.730994152046783474e-02
2.521441228070175384e+02 1.797936257309941652e+02 2.847953216374269139e-02
2.519545321637426980e+02 1.795641228070175544e+02 2.505847953216374172e-02
2.518703508771929762e+02 1.794951169590643190e+02 2.236842105263157909e-02
2.520583040935672443e+02 1.796874853801169536e+02 3.219298245614034965e-02
2.521520760233917997e+02 1.799683625730994265e+02 4.543859649122806987e-02
2.523757017543859718e+02 1.804211695906432738e+02 5.625730994152047110e-02
2.524197660818713587e+02 1.809054385964912228e+02 7.122807017543859864e-02
2.523586842105263202e+02 1.812798538011695939e+02 4.517543859649122973e-02
2.523788596491228020e+02 1.815806432748537986e+02 6.274853801169590073e-02
2.523220175438596584e+02 1.818007017543859547e+02 5.178362573099415389e-02
2.524103801169590611e+02 1.820387719298245486e+02 5.900584795321637405e-02
2.523641228070175373e+02 1.823947660818713530e+02 5.543859649122807182e-02
2.524022514619882998e+02 1.825552046783625713e+02 7.467836257309941328e-02
2.524142105263157987e+02 1.830604093567251596e+02 7.909356725146199363e-02
2.524594152046783506e+02 1.831813157894736719e+02 8.757309941520467766e-02
2.520359356725146256e+02 1.825578947368421154e+02 3.523391812865497158e-02
2.522329824561403484e+02 1.777931871345029151e+02 2.628654970760234064e-02
2.524657309941520396e+02 1.744441228070175498e+02 1.742690058479532192e-02
2.522598245614035193e+02 1.740364327485380045e+02 1.517543859649122737e-02
2.522818421052631663e+02 1.740007309941520361e+02 1.532163742690058512e-02
2.524169298245614073e+02 1.743886549707602285e+02 2.105263157894736795e-02
2.520893859649122817e+02 1.794530409356725045e+02 1.745614035087719382e-02
2.521235087719298349e+02 1.799207894736842093e+02 3.795321637426900263e-02
2.521915789473684129e+02 1.801444152046783529e+02 5.143274853801169805e-02
2.521871052631578891e+02 1.801353801169590554e+02 4.883040935672514765e-02
2.521478070175438688e+02 1.801208479532163835e+02 4.157894736842105560e-02
2.521916959064327557e+02 1.803364035087719230e+02 4.505847953216374213e-02
2.523767836257310080e+02 1.807198830409356844e+02 6.251461988304093942e-02
2.523836549707602330e+02 1.814599415204678223e+02 1.098245614035087692e-01
2.524019883040935781e+02 1.822903508771929921e+02 1.193274853801169627e-01
2.524004970760233846e+02 1.827192690058479627e+02 1.438304093567251418e-01
2.524035087719298360e+02 1.832470175438596414e+02 9.938596491228070262e-02
2.525519005847953338e+02 1.835209356725146108e+02 1.245614035087719285e-01
2.524942690058479400e+02 1.837653508771929864e+02 1.105847953216374246e-01
2.525469590643274955e+02 1.841171345029239887e+02 8.263157894736841702e-02
2.525858187134502941e+02 1.844793567251462036e+02 1.063742690058479545e-01
2.526288304093567376e+02 1.846800000000000068e+02 1.014327485380116939e-01
2.526950292397660860e+02 1.852325146198830339e+02 7.590643274853800526e-02
2.526442690058479457e+02 1.855764619883040893e+02 1.060233918128654917e-01
2.526110233918128642e+02 1.860043274853801165e+02 8.532163742690059005e-02
2.526845614035087806e+02 1.862333625730994129e+02 9.181286549707602662e-02
2.525926608187134548e+02 1.861128654970760294e+02 6.845029239766081686e-02
2.524081286549707670e+02 1.819649122807017534e+02 1.496783625730994105e-01
2.521443567251461957e+02 1.779138888888888914e+02 2.321637426900584680e-02
2.518797953216374310e+02 1.771798538011695996e+02 1.175438596491228116e-02
2.518941228070175384e+02 1.772926608187134434e+02 1.757309941520467794e-02
2.520730701754386018e+02 1.779485964912280735e+02 1.163742690058479530e-02
2.523343567251461934e+02 1.783884795321637569e+02 3.394736842105262886e-02
2.522595029239766120e+02 1.793792982456140237e+02 2.119883040935672397e-02
2.522779824561403643e+02 1.798400292397660678e+02 4.175438596491228005e-02
2.520006725146198789e+02 1.809384210526315826e+02 1.461988304093567170e-02
2.518693567251461900e+02 1.807287719298245747e+02 1.207602339181286510e-02
2.518729239766081776e+02 1.807245029239766154e+02 1.687134502923976626e-02
2.520249122807017557e+02 1.808992397660818767e+02 3.426900584795321975e-02
2.522625146198830350e+02 1.813194444444444571e+02 5.754385964912280688e-02
2.524204093567251448e+02 1.819000584795321629e+02 8.809941520467835796e-02
2.525218713450292398e+02 1.824947660818713473e+02 1.156432748538011729e-01
2.524868128654970860e+02 1.828597953216374208e+02 1.470760233918128601e-01
2.524585964912280645e+02 1.831339766081871403e+02 1.640935672514619859e-01
2.525541812865497207e+02 1.834613450292397658e+02 1.719005847953216370e-01
2.525396491228070204e+02 1.838754093567251573e+02 1.591520467836257391e-01
2.524211695906432738e+02 1.843241812865497025e+02 1.137134502923976553e-01
2.524625730994152093e+02 1.848287426900584762e+02 1.364912280701754410e-01
2.525622222222222319e+02 1.853028362573099344e+02 1.196783625730994116e-01
2.525499707602339186e+02 1.857175438596491119e+02 1.354970760233918103e-01
2.525973391812865430e+02 1.858992982456140339e+02 1.098245614035087692e-01
2.526481286549707477e+02 1.863037719298245634e+02 1.059941520467836268e-01
2.527079239766081855e+02 1.866799415204678496e+02 9.321637426900585000e-02
2.528145029239766188e+02 1.870678070175438563e+02 1.060818713450292355e-01
2.529071929824561380e+02 1.874334210526315871e+02 5.587719298245614336e-02
2.527515789473684151e+02 1.873194736842105215e+02 4.961988304093567503e-02
2.522224269005847930e+02 1.802333918128655057e+02 4.736842105263158048e-02
2.525314035087719162e+02 1.769603801169590724e+02 1.035087719298245605e-02
2.521236842105263065e+02 1.760965497076023496e+02 1.114035087719298170e-02
2.521563450292397590e+02 1.762639766081871358e+02 1.330409356725146229e-02
2.523721345029239842e+02 1.771030994152046674e+02 1.318713450292397643e-02
2.523903216374268936e+02 1.777886842105263270e+02 4.707602339181286843e-02
2.523740058479532138e+02 1.789165497076023428e+02 6.622807017543859420e-02
2.522048245614035125e+02 1.794779239766081957e+02 7.985380116959064911e-02
2.521950292397660860e+02 1.794823099415204695e+02 5.561403508771929627e-02
2.520823099415204638e+02 1.793041812865497207e+02 4.128654970760233661e-02
2.520351461988304038e+02 1.792526608187134514e+02 4.035087719298245668e-02
2.521404970760233937e+02 1.795070467836257251e+02 3.166666666666666935e-02
2.522515204678362579e+02 1.801738596491228179e+02 7.538011695906432497e-02
2.522959941520467737e+02 1.809779239766081957e+02 9.198830409356725801e-02
2.521906432748538123e+02 1.815506432748537975e+02 9.868421052631579093e-02
2.522083333333333428e+02 1.818745321637426855e+02 1.364035087719298323e-01
2.521809356725146074e+02 1.820575730994152082e+02 9.450292397660818577e-02
2.521967836257310012e+02 1.822465789473684197e+02 7.733918128654970747e-02
2.522810233918128517e+02 1.824465204678362511e+02 8.260233918128655206e-02
2.523105555555555668e+02 1.825576023391812726e+02 9.964912280701754277e-02
2.522896783625731132e+02 1.827308187134503044e+02 8.371345029239765645e-02
2.523851754385964909e+02 1.829609649122807014e+02 9.520467836257309746e-02
2.524145906432748632e+02 1.833745321637426855e+02 9.108187134502923610e-02
2.525688304093567353e+02 1.839042690058479650e+02 1.067836257309941472e-01
2.527026900584795328e+02 1.843004970760233903e+02 1.198245614035087780e-01
2.526473391812865543e+02 1.846590058479532104e+02 9.400584795321637044e-02
2.521607017543859683e+02 1.837303508771929899e+02 5.114035087719297906e-02
2.522919005847953144e+02 1.784288304093567206e+02 5.260233918128655317e-02
2.519544736842105124e+02 1.767756432748537918e+02 2.353801169590643422e-02
2.518962865497076109e+02 1.763843274853801120e+02 3.377192982456140441e-02
2.523326315789473711e+02 1.768698538011695973e+02 4.122807017543859975e-02
2.523899707602339220e+02 1.778019883040935554e+02 3.619883040935672341e-02
2.524132748538011697e+02 1.786518421052631709e+02 5.476608187134503203e-02
2.523426023391812976e+02 1.791868128654970747e+02 5.789473684210526272e-02
2.523160526315789411e+02 1.791878947368421109e+02 4.549707602339181367e-02
2.522648245614035147e+02 1.791398830409356719e+02 3.666666666666666685e-02
2.521612573099415329e+02 1.790424853801169718e+02 2.812865497076023555e-02
2.521498538011695985e+02 1.791167251461988315e+02 3.026315789473684251e-02
2.522054970760233914e+02 1.792728362573099332e+02 3.064327485380117025e-02
2.520176900584795305e+02 1.808525438596491313e+02 7.456140350877192742e-03
2.521483625730994049e+02 1.810672514619882918e+02 1.687134502923976626e-02
2.522995906432748541e+02 1.812908187134502782e+02 4.421052631578947095e-02
2.523423976608187047e+02 1.813729824561403632e+02 5.567251461988304007e-02
2.523935964912280667e+02 1.814712280701754423e+02 6.388888888888888395e-02
2.523955847953216391e+02 1.815830701754385927e+02 6.862573099415204825e-02
2.525000877192982500e+02 1.817961403508771809e+02 8.146198830409356884e-02
2.525580409356725227e+02 1.819439181286549569e+02 8.953216374269006017e-02
2.525540935672514706e+02 1.821182163742689966e+02 9.695906432748538362e-02
2.525626315789473608e+02 1.825175730994152161e+02 1.111111111111111049e-01
2.526162573099415170e+02 1.831477485380116832e+02 1.403216374269005973e-01
2.525274269005847998e+02 1.836890350877193043e+02 1.327485380116958935e-01
2.524695906432748416e+02 1.836893274853801188e+02 1.352631578947368352e-01
2.523450584795321561e+02 1.800976608187134502e+02 3.894736842105263330e-02
2.524844152046783563e+02 1.760944152046783699e+02 2.564327485380116928e-02
2.521199415204678473e+02 1.747637134502923857e+02 1.415204678362573174e-02
2.522127485380117093e+02 1.746077192982456268e+02 2.587719298245614100e-02
2.525230701754385905e+02 1.752729532163742761e+02 3.418128654970760405e-02
2.527442105263157828e+02 1.759699707602339060e+02 5.625730994152047110e-02
2.522628654970760351e+02 1.814330994152046799e+02 3.102339181286549799e-02
2.523886549707602285e+02 1.816431578947368450e+02 4.602339181286549397e-02
2.523437134502923982e+02 1.818537426900584819e+02 4.640350877192982171e-02
2.522425146198830532e+02 1.817441812865497184e+02 4.868421052631578816e-02
2.521893859649122760e+02 1.817871637426900691e+02 4.023391812865496908e-02
2.522002339181286459e+02 1.820106432748538055e+02 5.195906432748537834e-02
2.524264035087719265e+02 1.823890350877192930e+02 9.228070175438596312e-02
2.525495321637426969e+02 1.831305555555555600e+02 1.046491228070175472e-01
2.525300000000000011e+02 1.840247660818713484e+02 6.476608187134502703e-02
2.527324561403508767e+02 1.843880116959064424e+02 8.266081871345029586e-02
2.527687719298245668e+02 1.847268421052631595e+02 1.156432748538011729e-01
2.526046491228070181e+02 1.849927192982456177e+02 7.695906432748537973e-02
2.526745906432748541e+02 1.851126900584795294e+02 9.941520467836256758e-02
2.526538888888889005e+02 1.852940058479532297e+02 7.309941520467835852e-02
2.526886549707602398e+02 1.854461695906432794e+02 7.967836257309941772e-02
2.527065204678362704e+02 1.857978654970760317e+02 6.757309941520467378e-02
2.527924561403508790e+02 1.860908479532163824e+02 1.028654970760233961e-01
2.528053508771929785e+02 1.866502631578947273e+02 5.710526315789473534e-02
2.528729532163742704e+02 1.870200877192982318e+02 8.239766081871345571e-02
2.529121052631578834e+02 1.873822222222222251e+02 6.564327485380117011e-02
2.528183918128654852e+02 1.875910233918128540e+02 3.286549707602338943e-02
2.521576608187134525e+02 1.824912573099415170e+02 4.263157894736842313e-02
2.521302631578947455e+02 1.769202046783625804e+02 1.821637426900584930e-02
2.519507309941520532e+02 1.748926608187134377e+02 2.628654970760234064e-02
2.518466959064327568e+02 1.748144736842105260e+02 2.432748538011695813e-02
2.521498538011695985e+02 1.755148245614035147e+02 2.201754385964912325e-02
2.523644152046783518e+02 1.760790350877192907e+02 4.616959064327485346e-02
2.522790350877193077e+02 1.804770467836257239e+02 1.561403508771929891e-02
2.523812573099415317e+02 1.809513742690058393e+02 5.397660818713450465e-02
2.522425146198830532e+02 1.812746491228070056e+02 8.192982456140350533e-02
2.522172222222222331e+02 1.813380409356725238e+02 6.046783625730994122e-02
2.521923391812865418e+02 1.813046491228070067e+02 5.654970760233918314e-02
2.521572807017543880e+02 1.813486549707602364e+02 6.371345029239766644e-02
2.523186257309941425e+02 1.817981871345029106e+02 1.124853801169590634e-01
2.524586257309941573e+02 1.827655847953216437e+02 8.616959064327485429e-02
2.524265497076023337e+02 1.836447368421052602e+02 1.042690058479532195e-01
2.524347660818713450e+02 1.842664912280701799e+02 5.461988304093567254e-02
2.524698245614034988e+02 1.845730994152046662e+02 4.777777777777778012e-02
2.526307602339181244e+02 1.847561403508771889e+02 5.836257309941520616e-02
2.526203216374269118e+02 1.849334210526315871e+02 5.345029239766081741e-02
2.526977777777777874e+02 1.850713157894736867e+02 6.409356725146199418e-02
2.523381286549707738e+02 1.857079824561403427e+02 1.061403508771929793e-02
2.524371345029239819e+02 1.858408771929824468e+02 1.081871345029239775e-02
2.524819298245614050e+02 1.859023684210526426e+02 2.002923976608187231e-02
2.525914912280701685e+02 1.860172514619883088e+02 2.973684210526315874e-02
2.528035380116959061e+02 1.864106140350877183e+02 5.540935672514619992e-02
2.528514327485380022e+02 1.868121052631578891e+02 6.532163742690058617e-02
2.528463450292397567e+02 1.870781286549707545e+02 5.225146198830409039e-02
2.527549707602339311e+02 1.874933625730994038e+02 6.760233918128655262e-02
2.523102923976608167e+02 1.861484210526315906e+02 2.163742690058479551e-02
2.521148245614035091e+02 1.858302339181286413e+02 8.567251461988304936e-03
2.523041520467836278e+02 1.801927192982456063e+02 4.087719298245613697e-02
2.527899415204678348e+02 1.752227485380117002e+02 4.362573099415204686e-02
2.522012865497075893e+02 1.742898538011695848e+02 1.950292397660818855e-02
2.524594444444444434e+02 1.746670175438596573e+02 3.657894736842105116e-02
2.525150584795321720e+02 1.759136257309941413e+02 5.070175438596491446e-02
2.524529239766081901e+02 1.767246783625730870e+02 5.786549707602339082e-02
2.522867543859649118e+02 1.814289473684210634e+02 8.011695906432748926e-02
2.522253801169590588e+02 1.818082748538011799e+02 7.637426900584795564e-02
2.522433040935672466e+02 1.820995906432748654e+02 6.883040935672514460e-02
2.521442397660818813e+02 1.819391812865497116e+02 7.266081871345028698e-02
2.521456432748537964e+02 1.819281286549707488e+02 6.935672514619882489e-02
2.521751461988304186e+02 1.820169298245614016e+02 6.646198830409356939e-02
2.524588011695906573e+02 1.824768713450292523e+02 1.391228070175438702e-01
2.525950877192982489e+02 1.833628070175438722e+02 1.408187134502923987e-01
2.525182163742690022e+02 1.843470467836257285e+02 1.436257309941520455e-01
2.526559649122806945e+02 1.852247368421052727e+02 6.274853801169590073e-02
2.527829532163742670e+02 1.854376608187134536e+02 7.754385964912280382e-02
2.527564619883040962e+02 1.857088304093567217e+02 6.315789473684210731e-02
2.527102923976608224e+02 1.858672514619883032e+02 8.628654970760234189e-02
2.527156140350877251e+02 1.861853508771929739e+02 5.611111111111111160e-02
2.527411403508772025e+02 1.863663157894736742e+02 6.125730994152046860e-02
2.528074269005848009e+02 1.866880409356725181e+02 6.429824561403509053e-02
2.529502631578947387e+02 1.869445321637426787e+02 5.383040935672514515e-02
2.523201461988304004e+02 1.860959941520467851e+02 2.277777777777777873e-02
2.522919298245614073e+02 1.860113157894736844e+02 1.871345029239766117e-02
2.524955847953216335e+02 1.861992982456140453e+02 2.619883040935672494e-02
2.526104385964912353e+02 1.863672222222222103e+02 3.500000000000000333e-02
2.526964619883040939e+02 1.865616374269005746e+02 4.608187134502923776e-02
2.527620760233918134e+02 1.866990350877192952e+02 5.421052631578947290e-02
2.520479824561403461e+02 1.837453508771929762e+02 3.055555555555555455e-02
2.523581286549707556e+02 1.778335672514620001e+02 1.625730994152046680e-02
2.520669298245614129e+02 1.765803216374268914e+02 1.096491228070175378e-02
2.520761111111111177e+02 1.766387719298245713e+02 1.187134502923976528e-02
2.522425438596491176e+02 1.776954970760234005e+02 2.210526315789473548e-02
2.524514035087719321e+02 1.786081286549707556e+02 4.327485380116959102e-02
2.521326900584795396e+02 1.803458187134502850e+02 4.961988304093567503e-02
2.521792105263157850e+02 1.812746491228070056e+02 7.818713450292397171e-02
2.521578070175438597e+02 1.814140935672514559e+02 9.505847953216374491e-02
2.520364619883040973e+02 1.812750584795321629e+02 7.190058479532163149e-02
2.518787134502923948e+02 1.810913450292397613e+02 5.505847953216374407e-02
2.519991812865497138e+02 1.812427777777777749e+02 5.728070175438596673e-02
2.522424853801169604e+02 1.815445321637427014e+02 9.564327485380116900e-02
2.524133040935672625e+02 1.821878362573099537e+02 1.358187134502923943e-01
2.524232456140350962e+02 1.832268421052631595e+02 6.102339181286550035e-02
2.524876023391812794e+02 1.837851754385964966e+02 8.374269005847953529e-02
2.526914035087719412e+02 1.845179532163742806e+02 1.241812865497076007e-01
2.526925146198830419e+02 1.849110818713450328e+02 9.994152046783626175e-02
2.526473391812865543e+02 1.849434210526315780e+02 9.418128654970760183e-02
2.526472514619883043e+02 1.851565497076023519e+02 7.078947368421052710e-02
2.526705847953216448e+02 1.852476900584795203e+02 7.897660818713450603e-02
2.524210233918128665e+02 1.858952046783625747e+02 1.093567251461988361e-02
2.525579532163742726e+02 1.861483918128654977e+02 1.119883040935672550e-02
2.528046783625730995e+02 1.864373976608187036e+02 2.675438596491228060e-02
2.528611695906432715e+02 1.866766374269005837e+02 4.359649122807017496e-02
2.529338011695906516e+02 1.871741812865496968e+02 8.236842105263157687e-02
2.525616081871345102e+02 1.865709941520467794e+02 3.733918128654970664e-02
2.522542982456140237e+02 1.806986257309941379e+02 6.102339181286550035e-02
2.526492690058479411e+02 1.771004970760234016e+02 1.619590643274853858e-01
2.524950000000000045e+02 1.770947076023391844e+02 1.157602339181286605e-01
2.522273391812865384e+02 1.779295906432748495e+02 7.605263157894737169e-02
2.521911111111110984e+02 1.790363742690058473e+02 7.950292397660818633e-02
2.521688888888888869e+02 1.805447076023391730e+02 5.938596491228070179e-02
2.522857602339181256e+02 1.817351754385964853e+02 8.520467836257310246e-02
2.522312573099415260e+02 1.820538596491228134e+02 8.122807017543859365e-02
2.520420467836257217e+02 1.818510818713450305e+02 5.669590643274853570e-02
2.519114327485380045e+02 1.814755263157894660e+02 4.114035087719298406e-02
2.518751169590643144e+02 1.813792982456140237e+02 3.798245614035087453e-02
2.519723391812865430e+02 1.815042690058479593e+02 3.342105263157894857e-02
2.521898245614034977e+02 1.819834795321637557e+02 5.070175438596491446e-02
2.522939766081871369e+02 1.827697368421052602e+02 5.783625730994151892e-02
2.524828362573099412e+02 1.833722807017543914e+02 9.461988304093567337e-02
2.524921345029239887e+02 1.839827777777777840e+02 8.941520467836257258e-02
2.525968421052631641e+02 1.846418128654970872e+02 6.023391812865497297e-02
2.526617836257310046e+02 1.849505555555555532e+02 8.637426900584795064e-02
2.526888596491228043e+02 1.852469590643274842e+02 6.716374269005848108e-02
2.527007602339181176e+02 1.853328362573099355e+02 8.195906432748538417e-02
2.526562865497076018e+02 1.853803801169590599e+02 8.403508771929824039e-02
2.526757602339181403e+02 1.856108187134502998e+02 7.476608187134503591e-02
2.527967836257309955e+02 1.858770175438596368e+02 9.058479532163742076e-02
2.528262280701754321e+02 1.866684795321637296e+02 7.675438596491228338e-02
2.529457309941520577e+02 1.870883918128654955e+02 8.909356725146198863e-02
2.523169298245614129e+02 1.858251461988303959e+02 4.330409356725146292e-02
2.521183918128654966e+02 1.793475146198830430e+02 5.248538011695906558e-02
2.520883625730994027e+02 1.773608771929824570e+02 1.847953216374268945e-02
2.520865204678362659e+02 1.774269883040935554e+02 1.520467836257309927e-02
2.522072222222222138e+02 1.783394152046783745e+02 1.538011695906432719e-02
2.522559649122806888e+02 1.790862280701754514e+02 3.950292397660818550e-02
2.522742105263157839e+02 1.801464035087719253e+02 6.500000000000000222e-02
2.522775438596491142e+02 1.812052923976608270e+02 6.798245614035088036e-02
2.523322807017543994e+02 1.814771052631578812e+02 7.002923976608187162e-02
2.521231578947368348e+02 1.812111403508772014e+02 3.619883040935672341e-02
2.519886549707602228e+02 1.808673976608187104e+02 2.666666666666666838e-02
2.519937719298245611e+02 1.806878362573099537e+02 2.070175438596491210e-02
2.520667543859649129e+02 1.808375730994152093e+02 2.260233918128655081e-02
2.523478070175438575e+02 1.811791520467836278e+02 7.251461988304093442e-02
2.524341228070175305e+02 1.817295614035087681e+02 1.085672514619882983e-01
2.525431871345029151e+02 1.824284502923976561e+02 7.789473684210526661e-02
2.526446491228070101e+02 1.827936549707602296e+02 1.183918128654970758e-01
2.525349707602339322e+02 1.830777192982456256e+02 6.856725146198830445e-02
2.524959064327485407e+02 1.832307602339181187e+02 7.915204678362573743e-02
2.525250584795321629e+02 1.834425438596491347e+02 7.657894736842105199e-02
2.524778947368421029e+02 1.835781871345029117e+02 7.555555555555555636e-02
2.524792105263157964e+02 1.838006725146198903e+02 8.111111111111110605e-02
2.525202046783625747e+02 1.842670175438596516e+02 7.073099415204678331e-02
2.526448830409356674e+02 1.847001461988303959e+02 8.865497076023391709e-02
2.526740058479532252e+02 1.851629824561403552e+02 6.713450292397660224e-02
2.524543567251461980e+02 1.847992397660818824e+02 5.742690058479531928e-02
2.524467251461988440e+02 1.780316959064327591e+02 4.780701754385965202e-02
2.526066374269005905e+02 1.746549707602339083e+02 3.853801169590643366e-02
2.523499415204678371e+02 1.743013157894736764e+02 2.652046783625730889e-02
2.523257602339181176e+02 1.752067543859648993e+02 7.807017543859649453e-03
2.525378654970760124e+02 1.757627485380116923e+02 9.093567251461988701e-03
2.524333333333333371e+02 1.834037134502924005e+02 1.212573099415204664e-01
2.532878070175438552e+02 1.859584795321637500e+02 1.825146198830409350e-01
2.525645029239766188e+02 1.882426023391812748e+02 9.751461988304092887e-02
2.523772807017543869e+02 1.893970760233918043e+02 4.619883040935672536e-02
2.524677777777777692e+02 1.905327485380117025e+02 5.210526315789473784e-02
2.522863450292397545e+02 1.919175146198830362e+02 3.622807017543859531e-02
2.522777485380117071e+02 1.926561111111111018e+02 2.643274853801169666e-02
2.521681871345029151e+02 1.938491812865497081e+02 1.953216374269005698e-02
2.521466959064327398e+02 1.951295321637426810e+02 4.771929824561403632e-02
2.522678362573099378e+02 1.959761988304093450e+02 4.230994152046783918e-02
2.523832163742690113e+02 1.964583333333333428e+02 5.163742690058479440e-02
2.524388304093567115e+02 1.969792397660818608e+02 6.821637426900584167e-02
2.525302046783625656e+02 1.973413157894736969e+02 5.283625730994152142e-02
2.526124561403508721e+02 1.975399122807017420e+02 4.400584795321637460e-02
2.526122222222222149e+02 1.977038596491228191e+02 3.961988304093567309e-02
2.528103216374269095e+02 1.981063742690058405e+02 2.131578947368421156e-02
2.528257017543859604e+02 1.982529824561403586e+02 3.725146198830409094e-02
2.527709649122807036e+02 1.986667836257310000e+02 2.652046783625730889e-02
2.527524269005847941e+02 1.990369883040935690e+02 1.508771929824561341e-02
2.525320760233918236e+02 1.987320760233918122e+02 1.192982456140350908e-02
2.522742397660818767e+02 1.940902923976608179e+02 1.257309941520467784e-03
2.517970175438596527e+02 1.934616666666666731e+02 8.771929824561403672e-04
2.516519590643274853e+02 1.932649707602339220e+02 2.923976608187134557e-04
2.518856432748538055e+02 1.936466666666666754e+02 1.929824561403508873e-03
2.522041812865496979e+02 1.944203508771929876e+02 4.649122807017544261e-03
2.525522807017543983e+02 1.988711988304093552e+02 0.000000000000000000e+00
2.526240643274853710e+02 1.990695321637426787e+02 1.997076023391812852e-02
2.527359064327485498e+02 1.995129824561403495e+02 5.643274853801169728e-03
2.528408771929824468e+02 1.998366081871345159e+02 3.450292397660818539e-03
2.528672807017543960e+02 2.000397368421052704e+02 5.029239766081871135e-03
2.527725438596491188e+02 2.007400292397660735e+02 3.421052631578947508e-03
2.525607602339181312e+02 2.016569005847953235e+02 2.923976608187134557e-04
2.526114327485380215e+02 2.031828947368421154e+02 4.678362573099415400e-04
2.523350000000000080e+02 2.038704093567251334e+02 6.432748538011696243e-04
2.520072222222222251e+02 2.048536549707602319e+02 4.005847953216374636e-03
2.518775730994152013e+02 2.052811988304093518e+02 2.105263157894736795e-03
2.519763742690058450e+02 2.055090935672514547e+02 6.403508771929824345e-03
2.520670467836257274e+02 2.059908771929824525e+02 6.081871345029239533e-03
2.521418713450292444e+02 2.064527485380116900e+02 1.292397660818713455e-02
2.522458771929824479e+02 2.069877777777777794e+02 7.690058479532163593e-03
2.524301461988304141e+02 2.076023099415204740e+02 7.134502923976607930e-03
2.526953508771929933e+02 2.088321345029239637e+02 2.222222222222222220e-03
2.527494152046783711e+02 2.094931578947368394e+02 3.421052631578947508e-03
2.527392690058479445e+02 2.098948830409356674e+02 0.000000000000000000e+00
2.522824269005847952e+02 2.091329532163742613e+02 0.000000000000000000e+00
2.525326023391812953e+02 2.033992690058479411e+02 7.309941520467835852e-04
2.524772807017543812e+02 2.033417543859649186e+02 8.771929824561403672e-04
2.524022222222222354e+02 2.036096783625731064e+02 5.029239766081871135e-03
2.522403508771929808e+02 2.042091520467836290e+02 7.280701754385964820e-03
2.520189181286549740e+02 2.050376315789473551e+02 2.777777777777777884e-03
2.521098830409356708e+02 2.059222514619883100e+02 5.847953216374269115e-04
2.521809649122807002e+02 2.061357017543859627e+02 4.444444444444444441e-03
2.521987426900584808e+02 2.062617543859649061e+02 6.461988304093567274e-03
2.521478654970760260e+02 2.062123976608187093e+02 9.122807017543858865e-03
2.521196783625730973e+02 2.061790935672514706e+02 9.005847953216374741e-03
2.520942105263157771e+02 2.061870760233918247e+02 7.894736842105263414e-03
2.520991812865497081e+02 2.062648538011695791e+02 1.020467836257310003e-02
2.522017251461988394e+02 2.065122514619883134e+02 1.760233918128654984e-02
2.522997076023391685e+02 2.081783040935672489e+02 0.000000000000000000e+00
2.524430409356725136e+02 2.083396491228070317e+02 7.309941520467835852e-04
2.525195906432748529e+02 2.084245029239766041e+02 7.894736842105262980e-04
2.525697076023391787e+02 2.084746198830409298e+02 2.192982456140350755e-03
2.526091520467836347e+02 2.085348830409356822e+02 1.959064327485379904e-03
2.526733918128655034e+02 2.086230994152046776e+02 2.807017543859648915e-03
2.527895029239766131e+02 2.088804970760234028e+02 2.046783625730994299e-03
2.528460233918128779e+02 2.091109941520467714e+02 2.982456140350877270e-03
2.529447953216374287e+02 2.092797368421052511e+02 4.853801169590643214e-03
2.529364619883041030e+02 2.092673099415204661e+02 5.175438596491228026e-03
2.515832748538011572e+02 2.064338888888889016e+02 0.000000000000000000e+00
2.513671929824561460e+02 2.060365204678362545e+02 0.000000000000000000e+00
2.512973976608187172e+02 2.059295029239765995e+02 0.000000000000000000e+00
2.513642105263157873e+02 2.060023976608187013e+02 4.678362573099415400e-04
2.514906725146198880e+02 2.062543274853801165e+02 2.777777777777777884e-03
2.527676023391812805e+02 2.104911111111111097e+02 0.000000000000000000e+00
2.528060818713450431e+02 2.105251461988304129e+02 1.549707602339181348e-03
2.527697953216374174e+02 2.105880409356725238e+02 3.011695906432748735e-03
2.527137719298245599e+02 2.105123684210526278e+02 2.982456140350877270e-03
2.526625730994151979e+02 2.104424561403508847e+02 1.871345029239766160e-03
2.526567543859649163e+02 2.104497368421052670e+02 2.163742690058479724e-03
2.526711403508771809e+02 2.104931286549707465e+02 2.251461988304093685e-03
2.525832163742690000e+02 2.107867836257310046e+02 2.690058479532163923e-03
2.526173391812865532e+02 2.112295614035087681e+02 2.923976608187134341e-03
2.524803801169590542e+02 2.118309064327485487e+02 3.011695906432748735e-03
2.525606140350877240e+02 2.120932456140350837e+02 3.567251461988303965e-03
2.525772222222222183e+02 2.122983333333333462e+02 1.754385964912280734e-03
2.525630116959064253e+02 2.124242397660818824e+02 2.923976608187134625e-05
2.526016081871345023e+02 2.125772807017543755e+02 2.339181286549707700e-04
2.525760233918128677e+02 2.127154093567251323e+02 2.046783625730994136e-04
2.526133333333333439e+02 2.127631286549707568e+02 4.385964912280701836e-04
2.522776608187134570e+02 2.120951754385964989e+02 0.000000000000000000e+00
2.523076315789473654e+02 2.091151754385964807e+02 5.292397660818713018e-03
2.522527192982456086e+02 2.086401754385964864e+02 5.847953216374268681e-03
2.523798830409356810e+02 2.085614035087719174e+02 4.005847953216374636e-03
2.524563450292397704e+02 2.088683918128654966e+02 4.532163742690058401e-03
2.525090935672514547e+02 2.094024269005847998e+02 4.707602339181286323e-03
2.524480116959064446e+02 2.104110526315789400e+02 1.160818713450292340e-02
2.525725730994151945e+02 2.106712865497075882e+02 1.108187134502923964e-02
2.525321052631578880e+02 2.106668421052631572e+02 9.122807017543858865e-03
2.524908771929824525e+02 2.106138011695906300e+02 6.023391812865497470e-03
2.524570175438596493e+02 2.105565497076023291e+02 5.584795321637426799e-03
2.524646198830409389e+02 2.105641520467836187e+02 5.789473684210526619e-03
2.525256140350877274e+02 2.105964912280701640e+02 6.929824561403508977e-03
2.526372222222222206e+02 2.107634795321637569e+02 4.619883040935672362e-03
2.526490935672514695e+02 2.109762280701754378e+02 3.888888888888888777e-03
2.526495029239765984e+02 2.112590935672514547e+02 5.233918128654970955e-03
2.526514327485380136e+02 2.114711988304093495e+02 4.678362573099415292e-03
2.527067251461988349e+02 2.116834502923976515e+02 8.274853801169591155e-03
2.526879239766081753e+02 2.118611403508772071e+02 1.078947368421052586e-02
2.527249415204678371e+02 2.119399122807017477e+02 9.795321637426900388e-03
2.527125146198830521e+02 2.120251169590643201e+02 1.266081871345029267e-02
2.525815497076023348e+02 2.117837719298245531e+02 6.988304093567251039e-03
2.522931578947368507e+02 2.077195029239766200e+02 0.000000000000000000e+00
2.519698538011695916e+02 2.073361695906432658e+02 0.000000000000000000e+00
2.518227192982456017e+02 2.070826023391812782e+02 0.000000000000000000e+00
2.518489181286549581e+02 2.070947660818713416e+02 0.000000000000000000e+00
2.519828654970760340e+02 2.072588888888888903e+02 2.046783625730994136e-04
2.524125438596491335e+02 2.079797953216374253e+02 4.970760233918128422e-04
2.526962573099415295e+02 2.084776608187134457e+02 1.236842105263157889e-02
2.522780116959064287e+02 2.099898830409356663e+02 1.695906432748538022e-03
2.521776608187134627e+02 2.098399415204678462e+02 1.695906432748538022e-03
2.521693274853801086e+02 2.098231871345029163e+02 1.725146198830409270e-03
2.521613450292397545e+02 2.097775438596491142e+02 3.216374269005848122e-04
2.521774561403508699e+02 2.097818421052631663e+02 2.339181286549707700e-04
2.522573099415204751e+02 2.098470760233918213e+02 5.263157894736841987e-04
2.523080116959064298e+02 2.099244444444444468e+02 4.970760233918128422e-04
2.524296491228070067e+02 2.101480701754385905e+02 8.479532163742690108e-04
2.524907017543859524e+02 2.102411695906432669e+02 1.081871345029239862e-03
2.525541812865497207e+02 2.102770467836257353e+02 2.719298245614034954e-03
2.526113450292397715e+02 2.103487426900584865e+02 3.421052631578947508e-03
2.526349999999999909e+02 2.103763157894736935e+02 4.356725146198830480e-03
2.526379532163742567e+02 2.103893859649122930e+02 5.526315789473683869e-03
2.526693274853801086e+02 2.104480116959064446e+02 6.637426900584795196e-03
2.524148538011695848e+02 2.101360526315789343e+02 2.777777777777777884e-03
2.518882163742690068e+02 2.057412865497076098e+02 2.105263157894736795e-03
2.516087426900584774e+02 2.053917543859649015e+02 1.871345029239766160e-03
2.514869298245614004e+02 2.052256140350877160e+02 1.871345029239766160e-03
2.514850292397660780e+02 2.052182163742690193e+02 1.871345029239766160e-03
2.515377485380116980e+02 2.052990935672514752e+02 2.777777777777777884e-03
2.527955555555555520e+02 2.084180116959064435e+02 3.742690058479532320e-03
2.528773976608187013e+02 2.085240643274853767e+02 1.210526315789473700e-02
2.528875730994151922e+02 2.086452339181286675e+02 8.216374269005847358e-03
2.528812573099415317e+02 2.086688596491227941e+02 8.684210526315789061e-03
2.527981286549707534e+02 2.085923976608187047e+02 7.222222222222221891e-03
2.528161403508771912e+02 2.086536842105263077e+02 7.076023391812865868e-03
2.528552339181286470e+02 2.088021345029239626e+02 6.111111111111111431e-03
2.529397076023391833e+02 2.089759649122806877e+02 8.888888888888888881e-03
2.526783918128654989e+02 2.096629532163742624e+02 1.140350877192982532e-02
2.526570760233918236e+02 2.100081286549707613e+02 3.742690058479532320e-03
2.526875730994152036e+02 2.104024853801169570e+02 2.514619883040935568e-03
2.527184502923976481e+02 2.105022514619882941e+02 5.000000000000000104e-03
2.526748245614035113e+02 2.106077485380116912e+02 3.274853801169590618e-03
2.526686257309941652e+02 2.106154093567251380e+02 2.894736842105263309e-03
2.526594444444444321e+02 2.106304385964912171e+02 2.602339181286549528e-03
2.526447368421052602e+02 2.107397076023391946e+02 3.011695906432748735e-03
2.526402339181286436e+02 2.108580994152046912e+02 6.520467836257310204e-03
2.526667251461988428e+02 2.110532456140350916e+02 7.076023391812865868e-03
2.526685087719298224e+02 2.110750292397660814e+02 8.070175438596491335e-03
2.521489473684210623e+02 2.085074269005847896e+02 4.385964912280701836e-04
2.516323391812865395e+02 2.065907602339181324e+02 2.807017543859648915e-03
2.514815204678362477e+02 2.059676023391812976e+02 0.000000000000000000e+00
2.514849415204678280e+02 2.060069883040935679e+02 0.000000000000000000e+00
2.515249122807017557e+02 2.060852046783625724e+02 2.046783625730994136e-04
2.529095906432748677e+02 2.086723391812865600e+02 0.000000000000000000e+00
2.529761111111111234e+02 2.087949999999999875e+02 3.888888888888888777e-03
2.529447368421052715e+02 2.090844444444444434e+02 4.239766081871344620e-03
2.529327192982456154e+02 2.091596198830409321e+02 2.953216374269005805e-03
2.528653801169590736e+02 2.091511111111111063e+02 2.748538011695906419e-03
2.528719883040935770e+02 2.092269590643274739e+02 3.918128654970759808e-03
2.528748245614035000e+02 2.093945906432748529e+02 4.766081871345029253e-03
