2.531553345142390015e+02 2.255421719580324407e+02 5.075078348548848206e-01
2.528445019757460273e+02 1.803377844392969109e+02 6.186401417086796473e-01
2.528256710723531739e+02 1.804873415996729875e+02 6.374437934323476940e-01
2.529330153971930883e+02 1.806476359176999722e+02 7.002043875187354827e-01
2.527444610982422546e+02 1.805006404142253587e+02 5.736203842485352311e-01
2.526278784575555392e+02 1.809213789344597387e+02 3.157105872734705110e-01
2.522828450742607913e+02 1.819528818640141594e+02 1.171821774083662560e-01
2.523107780351546410e+02 1.831786346913748389e+02 8.935822319117045498e-02
2.524133533178907101e+02 1.837901076440932115e+02 6.352364082300041015e-02
2.526289957759912852e+02 1.845500476904210245e+02 5.834582368170050659e-02
2.526940455102875092e+02 1.849781169096607130e+02 6.180678566562201881e-02
2.526911023300177135e+02 1.850579370486442201e+02 6.867420629513557029e-02
2.520271426624880746e+02 1.822108734159967298e+02 2.997683608120997253e-02
2.522048780487805004e+02 1.788542853249761606e+02 2.242812372257800904e-02
2.526323204796293851e+02 1.737296634418858048e+02 7.723123041286278356e-02
2.525735658809101949e+02 1.738181496116637277e+02 8.137348412590271474e-02
2.526409865104237724e+02 1.750840986510423818e+02 5.695598855429895302e-02
2.526050143071263108e+02 1.769624199482218216e+02 2.496252895489848786e-02
2.524289140209837967e+02 1.786256983240223519e+02 1.359858291320343443e-02
2.522765499386837575e+02 1.788127810328382736e+02 2.343643548167325188e-02
2.521383567243493644e+02 1.787126856519961962e+02 1.913067175364491224e-02
2.521452786483172019e+02 1.786845074260798469e+02 2.038424853522278341e-02
2.521775173729390929e+02 1.788470908843166569e+02 2.161057364763591809e-02
2.522861152745605580e+02 1.792079574873961008e+02 1.782259163373756811e-02
2.523226597629104901e+02 1.799566970976972300e+02 3.226597629104782650e-02
2.522914293500476788e+02 1.808820820275241772e+02 8.303583594495163311e-02
2.523702139256029398e+02 1.820793023572693698e+02 8.589726120724894276e-02
2.524298950810737097e+02 1.832486987327973793e+02 1.191988009265567555e-01
2.525081073715765001e+02 1.839138302221010974e+02 1.261207248943997938e-01
2.524790570922469044e+02 1.843982831448426225e+02 7.129036653495027243e-02
2.525939501294454317e+02 1.846816187491483845e+02 1.090884316664395698e-01
2.526052868238179485e+02 1.850262706090747997e+02 6.412317754462461272e-02
2.527104782667938423e+02 1.853135577054094654e+02 8.644229459054367237e-02
2.526524322114729557e+02 1.853281373484125822e+02 9.093882000272517085e-02
2.519324158604714512e+02 1.829044011445701017e+02 4.134078212290502596e-02
2.523844938002452523e+02 1.777856928736885038e+02 3.027660444202207382e-02
2.521340509606213516e+02 1.772474996593541334e+02 1.569696143888813303e-02
2.520428941272652992e+02 1.771623654448835055e+02 1.556070309306445063e-02
2.522537130399236958e+02 1.780502520779397742e+02 2.030249352772857396e-02
2.522108461643275632e+02 1.788631966207930191e+02 4.303038561111868082e-02
2.522088840441477089e+02 1.803094427033655904e+02 7.322523504564654173e-02
2.522046872870963341e+02 1.806691647363400932e+02 7.507834854884862241e-02
2.521686878321297058e+02 1.806483444610982474e+02 5.861834037334786446e-02
2.520499523095789698e+02 1.804227823954217058e+02 3.929690693554980380e-02
2.519200981060089930e+02 1.801808693282463594e+02 3.117590952445837421e-02
2.520333015397193037e+02 1.803657991551982605e+02 3.253849298269519130e-02
2.522854067311622828e+02 1.807885815506199663e+02 6.703910614525139533e-02
2.524607167188990218e+02 1.816496525412181597e+02 1.415179179724758152e-01
2.524791388472544043e+02 1.828554843984194065e+02 1.702956806104373999e-01
2.523821501566970937e+02 1.838445292274151655e+02 1.244038697370213886e-01
2.524199754734977432e+02 1.845784439296907067e+02 8.453467774901213261e-02
2.525839215151927988e+02 1.849923422809647207e+02 8.025616569014852597e-02
2.526979697506472178e+02 1.853641913067175437e+02 6.319662079302357238e-02
2.528293227960212448e+02 1.855500204387518863e+02 9.516282872325930453e-02
2.528758141436163100e+02 1.858259708407140067e+02 7.289821501566970396e-02
2.529103420084480263e+02 1.860205477585502081e+02 8.200027251669164685e-02
2.529410273879275053e+02 1.861341054639596564e+02 7.502384521051914945e-02
2.522400054503338254e+02 1.829909796975064751e+02 4.521051914429758539e-02
2.520845074260798526e+02 1.789628014715901259e+02 2.460825725575691361e-02
2.517485761002861295e+02 1.781266657582776816e+02 7.930235726938274221e-03
2.521852295953127054e+02 1.771621201798610059e+02 8.611527456056682767e-03
2.522922196484534538e+02 1.775533451423899578e+02 1.542444474724076822e-02
2.524353181632374969e+02 1.781056547213516694e+02 4.365717400190761988e-02
2.524175773266112515e+02 1.794235999454966475e+02 6.660307943861561164e-02
2.522808011990734371e+02 1.802865513012671954e+02 8.998501158195940097e-02
2.523138847254394364e+02 1.804728437116773421e+02 8.933097152200572544e-02
2.521867011854476175e+02 1.803165008856792610e+02 7.554162692464913564e-02
2.521756642594358766e+02 1.801810055865921925e+02 6.256983240223464027e-02
2.522333832947267922e+02 1.804501158195939468e+02 7.461507017304809530e-02
2.522991688240904864e+02 1.807634010083117460e+02 6.848344461098242186e-02
2.524083390107644220e+02 1.829021665076986096e+02 1.032293227960212612e-01
2.526163782531679942e+02 1.841476222918653889e+02 1.027932960893854775e-01
2.525694236271971533e+02 1.846769042103828724e+02 1.165008856792478509e-01
2.525615206431394029e+02 1.851344597356588224e+02 1.328791388472543855e-01
2.525940863877912648e+02 1.852374165417631957e+02 1.289276468183676305e-01
2.525721760457828111e+02 1.852851069628014784e+02 1.368033792069764387e-01
2.525936503610846273e+02 1.853330153971930656e+02 1.456874233546804620e-01
2.525918244992505777e+02 1.853113230685379449e+02 1.008311759095244647e-01
2.525260117182177453e+02 1.852014170867965674e+02 9.355498024253985911e-02
2.524086932824635596e+02 1.850648317209429194e+02 9.350047690421038615e-02
2.523887450606349603e+02 1.850667120861152739e+02 7.962937729935957998e-02
2.524785938138711003e+02 1.852020166235182046e+02 8.927646818367625248e-02
2.521948221828587009e+02 1.822004905300449593e+02 6.472271426624880142e-02
2.525241313530453624e+02 1.767208611527456128e+02 6.112549393650361373e-02
2.522940182586183369e+02 1.738597356588091145e+02 7.401553345142390661e-02
2.521450333832947308e+02 1.732399509469954921e+02 5.799155198255893234e-02
2.523163373756642613e+02 1.735441068265431284e+02 7.366126175228232542e-02
2.525360130808012116e+02 1.741473225235045561e+02 4.420220738520234255e-02
2.520592723804332991e+02 1.798885679247854057e+02 3.747104510151246654e-02
2.521871644638234216e+02 1.802733069900531291e+02 6.573102602534405814e-02
2.521889630739882762e+02 1.803562338193214316e+02 5.523913339692056168e-02
2.520539310532770116e+02 1.801797247581414467e+02 2.847799427714947651e-02
2.518324294863060402e+02 1.799406458645592011e+02 2.496252895489848786e-02
2.518774492437661934e+02 1.799267202616160262e+02 2.667938411227687573e-02
2.522283962392696424e+02 1.805736203842485281e+02 6.867420629513557029e-02
2.523686605804605563e+02 1.816263251124131273e+02 9.780624063223872233e-02
2.523884725439433225e+02 1.827177544624608174e+02 1.228232729254666866e-01
2.524158059681155351e+02 1.836445564790843434e+02 1.127129036653495009e-01
2.525182177408366329e+02 1.844954625970840709e+02 5.286823817958850175e-02
2.526081209974110777e+02 1.848709360948357983e+02 8.251805423082163304e-02
2.526509878730072103e+02 1.851857746286960094e+02 5.820956533587682419e-02
2.527539446791115836e+02 1.855006949175636919e+02 7.924785393105328313e-02
2.527493391470227664e+02 1.856787028205477554e+02 9.963210246627605959e-02
2.527893445973565747e+02 1.859649816051233131e+02 8.507971113230684834e-02
2.528922196484534766e+02 1.861554707725848345e+02 1.185447608666030800e-01
2.529365036108461595e+02 1.862790298405777492e+02 1.115683335604305826e-01
2.529369396375527970e+02 1.865086251532906374e+02 9.489031203161193972e-02
2.528322932279602071e+02 1.863734296225643732e+02 9.426352364082299373e-02
2.521779806513148969e+02 1.821169369123858814e+02 9.916882409047554636e-02
2.523310532770132113e+02 1.774609619839215213e+02 6.025344052323204636e-02
2.522926284234909247e+02 1.742614525139664750e+02 9.050279329608938717e-02
2.521057637280283359e+02 1.739591497479220550e+02 7.338874506063496062e-02
2.524070581823136763e+02 1.747637007766725787e+02 4.733614933914702394e-02
2.525917427442430778e+02 1.756141981196348354e+02 7.698596539038016218e-02
2.525367216241994868e+02 1.818680746695735024e+02 1.629649816051233213e-02
2.524808829540809256e+02 1.818371712767406905e+02 2.308216378253168111e-02
2.523711132306853813e+02 1.819249761547894764e+02 1.248126447744924393e-02
2.523641913067175437e+02 1.819220602261888473e+02 1.874914838533860151e-02
2.524278239542171889e+02 1.822501158195939581e+02 2.815097424717263874e-02
2.524256710723531683e+02 1.827033383294726718e+02 4.234909388200027575e-02
2.523257392015260905e+02 1.849745196893309753e+02 1.534268973974655878e-02
2.525642730617250322e+02 1.856893582231911637e+02 3.177544624608256985e-02
2.529140209837852638e+02 1.864995503474587792e+02 8.265431257664532239e-02
2.528691374846709436e+02 1.871609483580869266e+02 9.666167052731980402e-02
2.528943725303174688e+02 1.874739065267747549e+02 1.133941953944679060e-01
2.527526638506608663e+02 1.876627878457555596e+02 1.194440659490393769e-01
2.527752827360675951e+02 1.877500749420902082e+02 9.810600899305083056e-02
2.523761275378116977e+02 1.849580869328246422e+02 4.769042103828859819e-02
2.524066221556070388e+02 1.850443112140618496e+02 4.199482218285870150e-02
2.525256574465186077e+02 1.854239269655266469e+02 6.199754734977517417e-02
2.525501021937593578e+02 1.857204251260389753e+02 7.137212154244447493e-02
2.526038969886905647e+02 1.859995094699550293e+02 8.050143071263114736e-02
2.527432892764681753e+02 1.863361493391470276e+02 8.548848616977790249e-02
2.526500885679247972e+02 1.862311486578553001e+02 7.505109687968387899e-02
2.522091565608393466e+02 1.822328655130126833e+02 5.463959667529635911e-02
2.523396375528000988e+02 1.781187082708815979e+02 7.848480719444066167e-02
2.521442703365581224e+02 1.774386701185447635e+02 4.011445701049189128e-02
2.521846300585910967e+02 1.772486442294590461e+02 4.281237225780078898e-02
2.522321569696143797e+02 1.777792887314348036e+02 5.763728028341735810e-02
2.522620520506881121e+02 1.791984194031884385e+02 6.673933778443930098e-02
2.522917291184085116e+02 1.807768905845483118e+02 7.998364899850116116e-02
2.523023027660444200e+02 1.812993595857746243e+02 1.174274424308488912e-01
2.522410410137621000e+02 1.812264068674206214e+02 8.734159967297996929e-02
2.519841395285461374e+02 1.808465185992642148e+02 5.771903529091156754e-02
2.518723804333015437e+02 1.805756915111050489e+02 4.376618067856655886e-02
2.520364899850115705e+02 1.808920833901076435e+02 5.044283962392696885e-02
2.522575827769450996e+02 1.814278784575555221e+02 8.581550619975474026e-02
2.524375255484398508e+02 1.824383703501839591e+02 1.497479220602261907e-01
2.523749012126992852e+02 1.836246627605940773e+02 1.435890448289957877e-01
2.524219103420084593e+02 1.842142798746423296e+02 1.608120997411091324e-01
2.523775173729390815e+02 1.847488213653086291e+02 9.655266385066085810e-02
2.523864014170868018e+02 1.848606077122223610e+02 1.087886633056274754e-01
2.525018122359994663e+02 1.852297588227278879e+02 8.325384929826952496e-02
2.525192533042648790e+02 1.852388881318980793e+02 9.791524730889766825e-02
2.525230412862787830e+02 1.852093745741926796e+02 9.663441885815506061e-02
2.526105736476359311e+02 1.854591633737566383e+02 8.205477585502111981e-02
2.526056138438479479e+02 1.855061997547349790e+02 9.148385338601990047e-02
2.526874778580188092e+02 1.857802152881864117e+02 7.276195666984602850e-02
2.527271290366535084e+02 1.859977381114593129e+02 9.429077530998773715e-02
2.524668483444610843e+02 1.857578144161329874e+02 7.287096334650497442e-02
2.525142117454693960e+02 1.810625153290638991e+02 9.434527864831721011e-02
2.519229867829404554e+02 1.795261752282327166e+02 1.981196348276332078e-02
2.517307262569832460e+02 1.792069219239678546e+02 5.968115547077258894e-03
2.518262706090748111e+02 1.793435345414906692e+02 8.829540809374574611e-03
2.520782940455102903e+02 1.799103692601171929e+02 3.041286278784575622e-02
2.523946041695053850e+02 1.811962937729935845e+02 9.279193350592723766e-02
2.525133669437253161e+02 1.817030385611118675e+02 1.045374029159285983e-01
2.524948358086932956e+02 1.822734432483989622e+02 8.363537266657582181e-02
2.522669573511377621e+02 1.819903256574465047e+02 6.684834446109824690e-02
2.520551846300585908e+02 1.813496116637143984e+02 3.733478675568878413e-02
2.518634418858155186e+02 1.809635645183267343e+02 3.229322796021256298e-02
2.518158332197847074e+02 1.808545033383294651e+02 2.959531271290366528e-02
2.521638642866875557e+02 1.814967161738656500e+02 3.033110778035154678e-02
2.523992097015942306e+02 1.822912385883635409e+02 9.053004496525411671e-02
2.525952037062270108e+02 1.834212835536176556e+02 1.287641368033791978e-01
2.525813053549530025e+02 1.839943044011445750e+02 1.346504973429622498e-01
2.525781441613298739e+02 1.843897261207249016e+02 8.856792478539310398e-02
2.525687695871372114e+02 1.846522959531271226e+02 1.049189262842349091e-01
2.525965935413543946e+02 1.849377571876277386e+02 8.995775991279465755e-02
2.525799972748330902e+02 1.850626243357405656e+02 1.050006812917291116e-01
2.523909524458373141e+02 1.858952445837307437e+02 1.471590134895762320e-02
2.525238860880228913e+02 1.861612753781168976e+02 9.538084207657719638e-03
2.527330971522005711e+02 1.863892900940182642e+02 1.738656492710178442e-02
2.529536449107507963e+02 1.866927374301675968e+02 2.831448426216105763e-02
2.528501158195939524e+02 1.865734023708952236e+02 2.528954898487532216e-02
2.523175637007766738e+02 1.824538492982695175e+02 8.167325248671480908e-02
2.519612753781169090e+02 1.794229459054367055e+02 5.690148521596948006e-02
2.528761684153154476e+02 1.745811145932688362e+02 6.567652268701458518e-02
2.526371167734023686e+02 1.753790434664123268e+02 8.069219239678430966e-02
2.525012126992778292e+02 1.769397738111459262e+02 7.758550211200436475e-02
2.522042785120588633e+02 1.789454694100013512e+02 2.981332606622155712e-02
2.524920016351001379e+02 1.841595040196212096e+02 9.025752827360675190e-02
2.524152064313939263e+02 1.840951628287232609e+02 9.709769723395557384e-02
2.521315710587273600e+02 1.836963891538356677e+02 6.365989916882408561e-02
2.519123586319662138e+02 1.831325793704864395e+02 5.412181496116637291e-02
2.516239542171958021e+02 1.825378116909660662e+02 3.071263114865785404e-02
2.515767815778716567e+02 1.822791115955852206e+02 2.507153563155743378e-02
2.516533860198937305e+02 1.823083526365989826e+02 2.490802561656901490e-02
2.518830630876141186e+02 1.826217195803242817e+02 5.126038969886905633e-02
2.521910069491756303e+02 1.832276331925330339e+02 6.074397056819730301e-02
2.523997002316392013e+02 1.836710178498433095e+02 6.695735113775719283e-02
2.525052186946450377e+02 1.839184357541899431e+02 1.028205477585502070e-01
2.524169505382204761e+02 1.840325112413135287e+02 8.445292274151791623e-02
2.524694917563700756e+02 1.841290639051642017e+02 9.805150565472135760e-02
2.524062133805695680e+02 1.841148930371985273e+02 8.655130126720261829e-02
2.522436571740018962e+02 1.838881591497479349e+02 7.635917699959123006e-02
2.522230004087750501e+02 1.838804196757051272e+02 7.180814824908025862e-02
2.523248126447744824e+02 1.840294318026979283e+02 6.436844256710723411e-02
2.523291456601716902e+02 1.840414770404687204e+02 6.442294590543670707e-02
2.517437798065131460e+02 1.821592315029295435e+02 1.812235999454966592e-02
2.523522005722850565e+02 1.767950946995503614e+02 6.425943589044828819e-02
2.521754462460825721e+02 1.735685243221147402e+02 2.597084071399373070e-02
2.520873688513421484e+02 1.711899441340782175e+02 2.605259572148794014e-02
2.521761820411500139e+02 1.715709224690012320e+02 5.826406867420629715e-02
2.525323068537948075e+02 1.725504837171276620e+02 5.927238043330153999e-02
2.521152745605668315e+02 1.789550074942090134e+02 4.548303583594495020e-02
2.523260662215560615e+02 1.799977926147976461e+02 4.899850115819594232e-02
2.522125630194849464e+02 1.802280419675705048e+02 4.823545442158332086e-02
2.521013217059544900e+02 1.802048235454421672e+02 2.905027932960893913e-02
2.519862106554026298e+02 1.800224553753917291e+02 3.019484943452786438e-02
2.520545033383294822e+02 1.801075078348548857e+02 2.558931734568742344e-02
2.522578007902984041e+02 1.804055865921787642e+02 6.093473225235045837e-02
2.524057501021937640e+02 1.811666439569423517e+02 7.278920833901075804e-02
2.524269519008039140e+02 1.828414770404687317e+02 8.886769314620519833e-02
2.524760049053004423e+02 1.838009265567515911e+02 1.133396920561384330e-01
2.523913612208747850e+02 1.842597629104782584e+02 1.116500885679247851e-01
2.524431666439569426e+02 1.843811145932688476e+02 9.529908706908297999e-02
2.524994140891129462e+02 1.846722714266248886e+02 1.072625698324022325e-01
2.525500749420901911e+02 1.849223327428805135e+02 1.081346232456737999e-01
2.525790434664123154e+02 1.850911295816868858e+02 9.262842349093881877e-02
2.525913339692056070e+02 1.852044692737430296e+02 9.638915383567243922e-02
2.526610437389290098e+02 1.855825316800654150e+02 1.021937593677612749e-01
2.526533587682245638e+02 1.856029704319389566e+02 9.976836081209973506e-02
2.526059408638779189e+02 1.856266521324430983e+02 6.717536449107508467e-02
2.520254530589998581e+02 1.844428396239269716e+02 1.902166507698596631e-02
2.523126311486578572e+02 1.782879411363946076e+02 4.215833219784712038e-02
2.527596675296362037e+02 1.731519280555934017e+02 3.052186946450470215e-02
2.523857746286959980e+02 1.724992778307671415e+02 1.744106826543125738e-02
2.525567788527047242e+02 1.731814961166371347e+02 4.450197574601444384e-02
2.527610301130944208e+02 1.748540128082844944e+02 9.175637007766725139e-02
2.519910887041831415e+02 1.810934187218967111e+02 2.240087205341327256e-02
2.521750647227142679e+02 1.817839487668619824e+02 4.106826543125766116e-02
2.521485761002861352e+02 1.817746286960076247e+02 4.480174410682654512e-02
2.520475269110233114e+02 1.816306036244720019e+02 4.052323204796293848e-02
2.519507017304810006e+02 1.814887859381387045e+02 3.796157514647772319e-02
2.519821501566970881e+02 1.814946722986782959e+02 4.248535222782395121e-02
2.521377844392968939e+02 1.818148794113639326e+02 5.156015805968115762e-02
2.523569151110505402e+02 1.820951083253849276e+02 7.630467366126175710e-02
2.525680610437389362e+02 1.828159149747922072e+02 1.013489576236544509e-01
2.526242267338874399e+02 1.832447199890993375e+02 1.090884316664395698e-01
2.525894536040332525e+02 1.835626652132443155e+02 9.867829404551028971e-02
2.526757596402779598e+02 1.838825180542308146e+02 1.091429350047690428e-01
2.525450606349639031e+02 1.843569696143888734e+02 1.152200572285052432e-01
2.525197438343098497e+02 1.846319117045919143e+02 1.313257937048644131e-01
2.525222782395421746e+02 1.847191715492573962e+02 1.422809647090884366e-01
2.524790570922469044e+02 1.847720125357678285e+02 1.291184085025207928e-01
2.525058454830358414e+02 1.848513966480446982e+02 1.387109960485079785e-01
2.525241041013761958e+02 1.850629513557705366e+02 1.332879138847254397e-01
2.524982967706772001e+02 1.852754326202479831e+02 1.200436026706635795e-01
2.524509606213380550e+02 1.855281100967434327e+02 1.220329745196893356e-01
2.520966344188581445e+02 1.841841940318844593e+02 3.744379343234773005e-02
2.519427987464232217e+02 1.781513012672026264e+02 2.937729935958577343e-02
2.524133805695598767e+02 1.714170867965662808e+02 8.862242812372257694e-02
2.523060634963891573e+02 1.711757187627742098e+02 7.834854884861697233e-02
2.527048099196075839e+02 1.723127129036653571e+02 6.567652268701458518e-02
2.529400463278375923e+02 1.755974383430985029e+02 1.112140618612890014e-01
2.520048235454421501e+02 1.819099059817413888e+02 3.700776672571195330e-02
2.521640550483717220e+02 1.824125357678157684e+02 7.641368033792070302e-02
2.520929554435209070e+02 1.824540128082845172e+02 7.747649543534541883e-02
2.519291456601716845e+02 1.821263114865785440e+02 5.019757460144434053e-02
2.516431393922877646e+02 1.816922741517917927e+02 2.332742880501430596e-02
2.517452786483171963e+02 1.818171685515737863e+02 2.567107235318163289e-02
2.522250715356315709e+02 1.830802834173593112e+02 8.810464640959259075e-02
2.525268837716310202e+02 1.844221011036925972e+02 9.489031203161193972e-02
2.526308488894944730e+02 1.856563564518326643e+02 1.237225780079029835e-01
2.527200981060090044e+02 1.867993459599400410e+02 1.159831039651178647e-01
2.526190216650769855e+02 1.874581823136667253e+02 1.072898215015669759e-01
2.524102466276059431e+02 1.880058318572012581e+02 1.000953808420765728e-01
2.525436162964981577e+02 1.882467366126175250e+02 6.281509742471726165e-02
2.524027524185856350e+02 1.862081755007494337e+02 2.605259572148794014e-02
2.524103283826134430e+02 1.862314211745469379e+02 2.567107235318163289e-02
2.525499659354135531e+02 1.865336694372530246e+02 4.515601580596811243e-02
2.526470636326475017e+02 1.868073579506744863e+02 4.826270609074805734e-02
2.526444202207385104e+02 1.873054639596675202e+02 3.796157514647772319e-02
2.520970431938956153e+02 1.859826679384112254e+02 1.103692601171821740e-02
2.522459190625425833e+02 1.862383703501839420e+02 1.893991006949175687e-02
2.519989916882408920e+02 1.856632511241313637e+02 2.076577190352909066e-02
2.524484534677748968e+02 1.805475132851887281e+02 8.644229459054367237e-02
2.524477994277149548e+02 1.773961302629786019e+02 4.537402915928600428e-02
2.525523368306308782e+02 1.714092928191851684e+02 9.867829404551028971e-02
2.526716718899032514e+02 1.720546123450061202e+02 1.347322523504564662e-01
2.528440386973702232e+02 1.737191170459190630e+02 6.900122632511240806e-02
2.527330153971930713e+02 1.754083390107644220e+02 9.145660171685515705e-02
2.524161602398147011e+02 1.810647772176045862e+02 1.348957623654448851e-02
2.523375391742744114e+02 1.810799836489985069e+02 1.427987464232184298e-02
2.522631421174546915e+02 1.809513830222101092e+02 1.130944270336558047e-02
2.521390925194168062e+02 1.807217332061588877e+02 1.294454285324976237e-02
2.522181223599945383e+02 1.808301675977653531e+02 1.076440932007085433e-02
2.523325521188172900e+02 1.811290366534950351e+02 1.801335331789072000e-02
2.523606485897261109e+02 1.818960076304673521e+02 3.749829677067720302e-02
2.521157650906118022e+02 1.837735658809102119e+02 1.477040468728709616e-02
2.523302084752691030e+02 1.842292137893445840e+02 3.292001635100150203e-02
2.526491347595040224e+02 1.847422809647090958e+02 7.030930644501975912e-02
2.527806513148930492e+02 1.850309306445019786e+02 8.036517236680747189e-02
2.528344733614933943e+02 1.854572012535767840e+02 1.138847254394331626e-01
2.527300722169232756e+02 1.861103692601171815e+02 1.694236271971658325e-01
2.525559340509606159e+02 1.869895353590407296e+02 1.408911295816868692e-01
2.525114048235454334e+02 1.870710451015124818e+02 1.349502657037743580e-01
2.524690012263251049e+02 1.872115819593950050e+02 1.171276740700367830e-01
2.525218694645047037e+02 1.875124403869737080e+02 1.055184630058591116e-01
2.526032156969614277e+02 1.876987327973838262e+02 9.003951492028887393e-02
2.525819593950129445e+02 1.879040196212017975e+02 7.676795203706227033e-02
2.525320888404414745e+02 1.877945496661670575e+02 7.355225507562337950e-02
2.523137757187627699e+02 1.809962937729935959e+02 8.061043738929009328e-02
2.520993050824363024e+02 1.790081482490802500e+02 4.074124540128083033e-02
2.518369532633873860e+02 1.783524730889766943e+02 2.648862242812372383e-02
2.517557432892764666e+02 1.783415996729799815e+02 2.515329063905164322e-02
2.519401280828450638e+02 1.786537402915928681e+02 1.272652949993187052e-02
2.521151110505518602e+02 1.795219784711813702e+02 4.864422945905436807e-02
2.521861289003951470e+02 1.806162419948221896e+02 7.954762229186537748e-02
2.522234636871508258e+02 1.810067584139528662e+02 8.126447744924376881e-02
2.521067447881182773e+02 1.809037198528409931e+02 5.068810464640959024e-02
2.519182449925058052e+02 1.806351819048916809e+02 3.610846164327564944e-02
2.518822182858700103e+02 1.805846845619294072e+02 4.463823409183812624e-02
2.519967843030385666e+02 1.807942498978062531e+02 4.501975746014443697e-02
2.520956806104373982e+02 1.810070036789753374e+02 5.218694645047008973e-02
2.523218149611663819e+02 1.813894808557024021e+02 7.766725711949856725e-02
2.524249897806240597e+02 1.815910887041831359e+02 9.107507834854884632e-02
2.525192260525957124e+02 1.825753099877367447e+02 6.616705273197982795e-02
2.525395557977926160e+02 1.833799155198256017e+02 7.178089657991551520e-02
2.525596402779670200e+02 1.842933914702275615e+02 9.126584003270200862e-02
2.525096334650497454e+02 1.844834173593132505e+02 1.025752827360675856e-01
2.525648453467775028e+02 1.845206976427306245e+02 8.499795612481264584e-02
2.525336694372530246e+02 1.847200981060090044e+02 9.805150565472135760e-02
2.525619839215152069e+02 1.850014715901348836e+02 1.319798337648180886e-01
2.525725030658127821e+02 1.852916201117318451e+02 1.170186673933778509e-01
2.525229322796021165e+02 1.855310805286823950e+02 1.438888131898078682e-01
2.521672162419948222e+02 1.850256983240223576e+02 8.328110096743425450e-02
2.520223736203842577e+02 1.806358359449516229e+02 2.550756233819321400e-02
2.516982967706772172e+02 1.794849434527864958e+02 1.558795476222918711e-02
2.516762229186537638e+02 1.793257664531952571e+02 1.596947813053549436e-02
2.517892355906799366e+02 1.795139664804469248e+02 1.545169641640550470e-02
2.521313802970431937e+02 1.803118135985829156e+02 7.352500340645864996e-02
2.523910614525139806e+02 1.821924785393105424e+02 1.100967434255348126e-01
2.522026979152473132e+02 1.830674206295135491e+02 1.336421855838670070e-01
2.521117863469137603e+02 1.830281237225780160e+02 1.104237634555116504e-01
2.520039787436980419e+02 1.827272925466684796e+02 6.071671889903256653e-02
2.519984466548576165e+02 1.827167188990325712e+02 6.556751601035563926e-02
2.520023708952173251e+02 1.827847390652677575e+02 6.265158740972884277e-02
2.521275923150292897e+02 1.829425534814007221e+02 7.638642866875595960e-02
2.522631693691238581e+02 1.835388472543943408e+02 7.524185856383704130e-02
2.523538901757732731e+02 1.838246082572557611e+02 9.813326066221556010e-02
2.524702275514375174e+02 1.841610846164327597e+02 1.072080664940727596e-01
2.524878866330562630e+02 1.844989780624063087e+02 1.339419539446791152e-01
2.524769859653903836e+02 1.846856247445155930e+02 1.018667393377844371e-01
2.525462869600763156e+02 1.847909251941681532e+02 1.003133941953944647e-01
2.525912794658672738e+02 1.848476631693691274e+02 9.434527864831721011e-02
2.526161329881455231e+02 1.848918108734160057e+02 8.055593405096062032e-02
2.527318980787573253e+02 1.850650497342962240e+02 8.840441477040468510e-02
2.528059953672162408e+02 1.852877231230412747e+02 1.129309170186673927e-01
2.525412181496116659e+02 1.860446927374301538e+02 1.259027115410818985e-02
2.520365989916882370e+02 1.849318435754189807e+02 5.314075487123585961e-03
2.519713312440387085e+02 1.798435209156560859e+02 3.395557977926148135e-02
2.515484398419403078e+02 1.787144297588227175e+02 1.370758958986237862e-02
2.514520779397738011e+02 1.782848071944406456e+02 1.569696143888813303e-02
2.516636871508380011e+02 1.784189399100694970e+02 2.433574056410955228e-02
2.519135304537402931e+02 1.786857882545305927e+02 3.717127674070036525e-02
2.521377026842894225e+02 1.792920833901076492e+02 5.581141844938002777e-02
2.522143071263114962e+02 1.806730072216923304e+02 7.172639324158604224e-02
2.521747649543534635e+02 1.809194440659490510e+02 6.763864286687559790e-02
2.519280283417359385e+02 1.804994958441204460e+02 4.858972612072489511e-02
2.518524049598037777e+02 1.802169777898896257e+02 3.289276468183676555e-02
2.518990325657446476e+02 1.802570377435617957e+02 2.736067584139528427e-02
2.519280010900667719e+02 1.805446246082572657e+02 3.575418994413407520e-02
2.521212426761139227e+02 1.813777353862924144e+02 9.448153699414088558e-02
2.523383022210110482e+02 1.824618885406731295e+02 1.443248398964436519e-01
2.523299087069082987e+02 1.831217604578280316e+02 1.330153971930780887e-01
2.523536994140891068e+02 1.837971385747377155e+02 1.434527864831720845e-01
2.524827633192533085e+02 1.841761547894808473e+02 1.298814552391333865e-01
2.524636326474996508e+02 1.844149066630331220e+02 1.104237634555116504e-01
2.525007221692328585e+02 1.844979424989780625e+02 1.108870418313121636e-01
2.524988418040605040e+02 1.847070990598174092e+02 7.717672707453331060e-02
2.526056410955171145e+02 1.848898760049052896e+02 9.935958577462869479e-02
2.525904346641231655e+02 1.851490666303311059e+02 1.207521460689467280e-01
2.526166235181904938e+02 1.854995503474587792e+02 1.486851069628014610e-01
2.525995367216241902e+02 1.858100558659217825e+02 8.303583594495163311e-02
2.523299904619157985e+02 1.854957623654448753e+02 6.897397465594767851e-02
2.521959667529636135e+02 1.809450333832947138e+02 6.229731571058727546e-02
2.517612753781169204e+02 1.792605259572148668e+02 6.213380569559885484e-03
2.517759367761275371e+02 1.783478403052186820e+02 1.975746014443384782e-02
2.518597901621474193e+02 1.783183812508516155e+02 2.373620384248535317e-02
2.520592178770949658e+02 1.786170867965662978e+02 3.082163782531679996e-02
2.522467093609483584e+02 1.793909796975064808e+02 5.106962801471590097e-02
2.522372257800790294e+02 1.799192805559340513e+02 5.518463005859108872e-02
2.522221283553617752e+02 1.802325657446518505e+02 5.071535631557432672e-02
2.520986510423763320e+02 1.801496116637144098e+02 3.316528137348412342e-02
2.521259027115410731e+02 1.802239542171957964e+02 3.063087614116364460e-02
2.520812644774492526e+02 1.801648998501158303e+02 3.362855974928464359e-02
2.522280147159013381e+02 1.808128627878457451e+02 5.177817141299904946e-02
2.523193350592723903e+02 1.816539855566153392e+02 7.843030385611118871e-02
2.524905027932960877e+02 1.825812235999455027e+02 9.121133669437253566e-02
2.525798882681564237e+02 1.830315574328927539e+02 1.057637280283417330e-01
2.525850388336285732e+02 1.836427578689194604e+02 1.166371440250715402e-01
2.524096743425534726e+02 1.840139528546123415e+02 1.084888949448153672e-01
2.524230276604442054e+02 1.843998909933233392e+02 7.548712358631966268e-02
2.523656901485215940e+02 1.844223191170459302e+02 5.684698187764000710e-02
2.523536449107507735e+02 1.844279329608938554e+02 6.077122223736203949e-02
2.524230004087750387e+02 1.845626652132443155e+02 7.505109687968387899e-02
2.523751737293909230e+02 1.847029840577735342e+02 6.668483444610982802e-02
2.525443793432347661e+02 1.851129036653495064e+02 1.073715765090611785e-01
2.526387791252214186e+02 1.854338738247717799e+02 7.971113230685379636e-02
2.526304128627878356e+02 1.856333560430576313e+02 8.625153290639051007e-02
2.523573511377571776e+02 1.852682381795885078e+02 6.349638915383566673e-02
2.521103965117863481e+02 1.799916337375664170e+02 3.215696961438888057e-02
2.520933369668892112e+02 1.773160376073034570e+02 2.662488077394740277e-02
2.518761684153154476e+02 1.764931734568742456e+02 2.542580733069900456e-02
2.519289276468183800e+02 1.765110778035154624e+02 2.414497887995639691e-02
2.521138029704319479e+02 1.768748330835263687e+02 1.278103283826134348e-02
2.522885951764545496e+02 1.775778716446382361e+02 3.093064450197574589e-02
2.523837580051778104e+02 1.784446927374301595e+02 5.597492846436843972e-02
2.519514647772176090e+02 1.794086387791252264e+02 1.482490802561656912e-02
2.519494209020302549e+02 1.791277558250442894e+02 1.550619975473497766e-02
2.518792206022618814e+02 1.789796975064722631e+02 1.528818640141708755e-02
2.518699550347458853e+02 1.790297860743970659e+02 1.182722441749557186e-02
2.521064995230957777e+02 1.793980651314892896e+02 2.349093882000272485e-02
2.524332470363809762e+02 1.798669300994685898e+02 4.327565063360130915e-02
2.525113230685379619e+02 1.807489303719852956e+02 9.374574192669300754e-02
2.524703638097833505e+02 1.811541354407957556e+02 1.277558250442839549e-01
2.523943316528137473e+02 1.816115547077258441e+02 1.149747922060226218e-01
2.524300858427578760e+02 1.818926556751601140e+02 1.129581686878321362e-01
2.524111731843575512e+02 1.821994549666167131e+02 1.181632374982967693e-01
2.524933642185583835e+02 1.825050006812917331e+02 1.372666575827769520e-01
2.523622291865376894e+02 1.826691374846709266e+02 1.085161466139801106e-01
2.523028750510968905e+02 1.829165281373484220e+02 1.015124676386428698e-01
2.523886633056274604e+02 1.831895898623790799e+02 9.963210246627605959e-02
2.522730072216923247e+02 1.834320752146068969e+02 1.038288595176454499e-01
2.523665076985965356e+02 1.840125902711540959e+02 1.129036653495026632e-01
2.523507562338193111e+02 1.842594086387791208e+02 1.132034337103147575e-01
2.523814961166371518e+02 1.845276740700367952e+02 8.516146613980106472e-02
2.522610709905981707e+02 1.843506472271426730e+02 6.968251805423082701e-02
2.522610982422673374e+02 1.804729527183540085e+02 2.915928600626788506e-02
2.523842212835536145e+02 1.765962392696552570e+02 5.976291047826679664e-02
2.520856519961847653e+02 1.750921106417767987e+02 4.104101376209293162e-02
2.520644501975746152e+02 1.749473225235045675e+02 4.079574873961030329e-02
2.523487668619702902e+02 1.755946586728437069e+02 4.845346777490121271e-02
2.525154653222509751e+02 1.761872462188308930e+02 5.709224690012263542e-02
2.522920561384384825e+02 1.811094972067039066e+02 3.289276468183676555e-02
2.522790843439160540e+02 1.814043602670663518e+02 6.079847390652677597e-02
2.522343916064859002e+02 1.813624744515601606e+02 6.164327565063359993e-02
2.521790434664123097e+02 1.812598719171549249e+02 4.521051914429758539e-02
2.521690421038288719e+02 1.813059817413816575e+02 5.616569014852159508e-02
2.522003270200299880e+02 1.815626924649134821e+02 7.131761820411500197e-02
2.522368715083798918e+02 1.822654857610028500e+02 1.040196212017986122e-01
2.523699414089113020e+02 1.830260525957214952e+02 6.112549393650361373e-02
2.524611799972748258e+02 1.835880910205750070e+02 8.180951083253849843e-02
2.525380024526502325e+02 1.839636462733342341e+02 1.169369123858836346e-01
2.524619157923422677e+02 1.841579506744787977e+02 7.366126175228232542e-02
2.525477040468728660e+02 1.844344461098242220e+02 9.091156833356042744e-02
2.525916064858972732e+02 1.846244719989099394e+02 6.924649134759504332e-02
2.526025071535631525e+02 1.848134623245673822e+02 8.957623654448834682e-02
2.525553345142390071e+02 1.849085161466139766e+02 9.519008039242403407e-02
2.525798882681564237e+02 1.852144433846573008e+02 8.796838806376890141e-02
2.527889085706499657e+02 1.855541626924648995e+02 1.044828995775991254e-01
2.527545987191715540e+02 1.857608938547486161e+02 1.187900258890857014e-01
2.528562474451560149e+02 1.862802289140209950e+02 8.230004087750374120e-02
2.528346913748466989e+02 1.865159286006267791e+02 8.717808965799155041e-02
2.528083662624335659e+02 1.868658127810328438e+02 5.256846981877640046e-02
2.525562338193214202e+02 1.865371849025752908e+02 4.283962392696552546e-02
2.521331244038697434e+02 1.823795067447881308e+02 5.409456329200163643e-02
2.517077530998773796e+02 1.792835808693282331e+02 1.626924649134759565e-02
2.526867420629513674e+02 1.747644365717400206e+02 3.253849298269519130e-02
2.526843984194031805e+02 1.749881455239133459e+02 4.741790434664123338e-02
2.527384657310260252e+02 1.759335059272380306e+02 7.044556479084343459e-02
2.525491483853386114e+02 1.772204387518735587e+02 8.096470908843166059e-02
2.518469273743016856e+02 1.820670391061452449e+02 8.886769314620519833e-02
2.517239678430303798e+02 1.822174955716037630e+02 8.390788935822318662e-02
2.516846164327565134e+02 1.821212154244447561e+02 5.371303992369532571e-02
2.515624199482218160e+02 1.819349502657037760e+02 4.973429622564382035e-02
2.516699822864150349e+02 1.819797247581414297e+02 4.861697778988963159e-02
2.518693282463550815e+02 1.822892764681836866e+02 7.674070036789752691e-02
2.521240223463687187e+02 1.838966616705273225e+02 2.049325521188172933e-02
2.523517645455784191e+02 1.842358086932824506e+02 3.842485352227823642e-02
2.525911159558523025e+02 1.845720942907753113e+02 7.281646000817550146e-02
2.525826406867420530e+02 1.845615751464777077e+02 7.123586319662079946e-02
2.526457283008584227e+02 1.846268156424580980e+02 7.486033519553073057e-02
2.526403052186946354e+02 1.847138574737702754e+02 8.415315438070582188e-02
2.524912930917018627e+02 1.845576236544488324e+02 8.600626788390788868e-02
2.525174546941000244e+02 1.846221011036926143e+02 8.502520779397737538e-02
2.526193759367761231e+02 1.847150565472135213e+02 9.592587545987191211e-02
2.526911023300177135e+02 1.848743425534813980e+02 1.012672026161602346e-01
2.527155470772584920e+02 1.853000136258345947e+02 1.038561111868101933e-01
2.528151791797247654e+02 1.858344188581550611e+02 1.152200572285052432e-01
2.527515192805559252e+02 1.862744243084889035e+02 1.126311486578552984e-01
2.526425943589044891e+02 1.864941545169641586e+02 8.794113639460417187e-02
2.526733069900531348e+02 1.866298950810737267e+02 9.554435209156561526e-02
2.522929281918517574e+02 1.851376754326202558e+02 4.943452786483171907e-02
2.520604714538765450e+02 1.807146205205068838e+02 5.022482627060907701e-02
2.517410818912658499e+02 1.800146068946723119e+02 1.793159831039651056e-02
2.517582504428396248e+02 1.798435754189944191e+02 1.994822182858699972e-02
2.518981877640005393e+02 1.801765908161874847e+02 2.891402098378525673e-02
2.522576645319525710e+02 1.812044147704046964e+02 9.142935004769042751e-02
2.524835536176590836e+02 1.824256710723531683e+02 1.448153699414089224e-01
2.525758822727892152e+02 1.837860471453876414e+02 1.541899441340782162e-01
2.525873824771767318e+02 1.838755688785938105e+02 1.330971522005722774e-01
2.524684561929418294e+02 1.839096062133805560e+02 1.418721896716173825e-01
2.524576372802834214e+02 1.839490938820002839e+02 1.158740972884589188e-01
2.524428123722578050e+02 1.839860198937184919e+02 1.220057228505245922e-01
2.526325657446518562e+02 1.843642185583867104e+02 1.583321978471181335e-01
2.527264477449243714e+02 1.849450333832947138e+02 1.452241449788799488e-01
2.527959667529636079e+02 1.855967570513693943e+02 1.402370895217331936e-01
2.526580733069900475e+02 1.859424717263932507e+02 8.829540809374573918e-02
2.525569423627197239e+02 1.863308352636599068e+02 9.273743016759776470e-02
2.526417768088295475e+02 1.865589862379070780e+02 7.085433982831448874e-02
2.525747377026843026e+02 1.866629241041013643e+02 8.840441477040468510e-02
2.526490257528273560e+02 1.868392969069355445e+02 8.960348821365309024e-02
2.526923831584684592e+02 1.870213925602943164e+02 5.935413544079574943e-02
2.526500613162556306e+02 1.872115274560566718e+02 7.513285188717809537e-02
2.527278375800517836e+02 1.875193078076032123e+02 1.097424717263932453e-01
2.527465594767679420e+02 1.877581686878321250e+02 8.101921242676113355e-02
2.524680746695735252e+02 1.870797111323068407e+02 4.183131216787028261e-02
2.524236544488349807e+02 1.870083662624335830e+02 4.518326747513284891e-02
2.523377844392969109e+02 1.866531407548712309e+02 3.403733478675569080e-02
2.522556479084343835e+02 1.829923695326338873e+02 3.057637280283417511e-02
2.521678157787164594e+02 1.769049734296225722e+02 5.142389971385747521e-02
2.520946450470091236e+02 1.765659899168824154e+02 4.908025616569015176e-02
2.521422264613707682e+02 1.767212426761139170e+02 2.806921923967842930e-02
2.523570786210655399e+02 1.776390243902438897e+02 3.330153971930780582e-02
2.524597629104782754e+02 1.790419403188445244e+02 5.616569014852159508e-02
2.523174546941000074e+02 1.802046327837580009e+02 4.730889766998228746e-02
2.522133260662215548e+02 1.805833492301403567e+02 6.946450470091293516e-02
2.521545442158332264e+02 1.804276876958713842e+02 5.752827360675841217e-02
2.519404823545442298e+02 1.802442567107235334e+02 3.599945496661670352e-02
2.519478403052187048e+02 1.801828041967570471e+02 3.796157514647772319e-02
2.520670936094835781e+02 1.804008720534132806e+02 3.114865785529363773e-02
2.523354407957487524e+02 1.809343507289821389e+02 6.690284779942771987e-02
2.524313394195394551e+02 1.811883635372666674e+02 9.559885542989507434e-02
2.524775582504428257e+02 1.814972339555797873e+02 7.330699005314075811e-02
2.525007766725711917e+02 1.817450061316255585e+02 1.014579643003133969e-01
2.525109960485079625e+02 1.823255756915111192e+02 1.061725030658127872e-01
2.525003678975337209e+02 1.825692056138438488e+02 9.682518054230822291e-02
2.520932824635509064e+02 1.832434119089794251e+02 2.597084071399373070e-02
2.520306853794794790e+02 1.831715492573920017e+02 2.027524185856383748e-02
2.521257119498569352e+02 1.832627060907480541e+02 3.640823000408775073e-02
2.524252077939773926e+02 1.835747377026843026e+02 5.205068810464640733e-02
2.525941681427987362e+02 1.840679384112276864e+02 7.976563564518326932e-02
2.527449243766180587e+02 1.843239133396920693e+02 1.020847526911023290e-01
2.526348821365308766e+02 1.844203569968660474e+02 1.037471045101512473e-01
2.520521051914429620e+02 1.818991415724213141e+02 1.763182994958441274e-02
2.522601716855157292e+02 1.776897124948903013e+02 5.153290639051642114e-02
2.520325384929826953e+02 1.768972339555797930e+02 3.112140618612890125e-02
2.520685924512876284e+02 1.768501158195939524e+02 3.651723668074669665e-02
2.521514647772175977e+02 1.774155879547622305e+02 6.120724894399782318e-02
2.522449107507834754e+02 1.781341599672979896e+02 7.270745333151655554e-02
2.523326338738247614e+02 1.790873415996729818e+02 8.017441068265430959e-02
2.522097833492301504e+02 1.795972475814143650e+02 6.643956942362719276e-02
2.522219920970159421e+02 1.796317481945769146e+02 5.213244311214061677e-02
2.520169232865513038e+02 1.793585774628695901e+02 4.313939228777762674e-02
2.518623518190489108e+02 1.791218967161738647e+02 3.738929009401825709e-02
2.519297997002316265e+02 1.791235590679929146e+02 4.253985556615342417e-02
2.520480719444065869e+02 1.795430167597765490e+02 5.139664804469273873e-02
2.521768633328791509e+02 1.801610301130944265e+02 7.603215696961439229e-02
2.522005995367216258e+02 1.807637007766725787e+02 4.853522278239542215e-02
2.523058182313666578e+02 1.813743289276468147e+02 9.682518054230822291e-02
2.525050279329608998e+02 1.820684016896034905e+02 1.284098651042376305e-01
2.523605940863877777e+02 1.824465731026025423e+02 1.362583458236817091e-01
2.523241041013762072e+02 1.825552800109006739e+02 9.660716718899033106e-02
2.522778307671344749e+02 1.826914566017168511e+02 1.052731979833764764e-01
2.522908298133260701e+02 1.827853931053276995e+02 1.129036653495026632e-01
2.522436026706635914e+02 1.828872870963346600e+02 1.187355225507562284e-01
2.523418449380024526e+02 1.833421447063632570e+02 7.213516827905709639e-02
2.524031884452922725e+02 1.836149339147022772e+02 8.592451287641368618e-02
2.523525003406458609e+02 1.836851069628014841e+02 9.963210246627605959e-02
2.520389698869055621e+02 1.828655130126720394e+02 4.390243902439024126e-02
2.521962392696552797e+02 1.778633328791388521e+02 2.815097424717263874e-02
2.519072080664940643e+02 1.759469137484670966e+02 1.332606622155606962e-02
2.518762774219920857e+02 1.755280010900667662e+02 1.839487668619703073e-02
2.522556206567652168e+02 1.760088567924785252e+02 4.769042103828859819e-02
2.523717945224144898e+02 1.771875732388608924e+02 6.357814416132988311e-02
2.523974655947676808e+02 1.780672571194985778e+02 5.532088840441477112e-02
2.523768633328791395e+02 1.788092110641776742e+02 8.911295816868783359e-02
2.522987327973838489e+02 1.790478811827224490e+02 3.507289821501567012e-02
2.522285324976154754e+02 1.789907616841531421e+02 4.507426079847390993e-02
2.521752282327292676e+02 1.789531271290366590e+02 2.452650224826270764e-02
2.521185992642049314e+02 1.790244447472407785e+02 2.204660035427169831e-02
2.522619702956806123e+02 1.793708407139937435e+02 4.804469273743016550e-02
2.523105327701321698e+02 1.801439978198664562e+02 6.763864286687559790e-02
2.522171412999046254e+02 1.808679929145660310e+02 6.014443384657310043e-02
2.523925330426488642e+02 1.813159831039651237e+02 1.069628014715901382e-01
2.523883090339283228e+02 1.816779670254803136e+02 9.137484670936095454e-02
2.523926420493255307e+02 1.817952582095653327e+02 1.070445564790843407e-01
2.523436980515056689e+02 1.820296225643820662e+02 9.069355498024253559e-02
2.522697642730617247e+02 1.821631829949584471e+02 9.641640550483716876e-02
2.523396648044692654e+02 1.822628150974247205e+02 1.067992914566017193e-01
2.523511650088567819e+02 1.824449925057909923e+02 8.894944815369941471e-02
2.523457146750238564e+02 1.827379752009810545e+02 9.968660580460553255e-02
2.524381523368306262e+02 1.829634555116500962e+02 1.022210110369260183e-01
2.524236817005041473e+02 1.832133533178907214e+02 1.058727347050006790e-01
2.523888268156424601e+02 1.833764545578416687e+02 9.003951492028887393e-02
2.520417768088295531e+02 1.803882545305899896e+02 1.708679656628968660e-02
2.527644638234091872e+02 1.763308080119907402e+02 2.943180269791524639e-02
2.523547077258482147e+02 1.748724894399782102e+02 1.744106826543125738e-02
2.524234909388200094e+02 1.751682790570922350e+02 2.518054230821637970e-02
2.526821637825316884e+02 1.757335059272380420e+02 4.940727619566698259e-02
2.527726120724894372e+02 1.765444065949039327e+02 6.981877640005450247e-02
2.525553617659081738e+02 1.774867420629513504e+02 7.319798337648181219e-02
2.524900667665894503e+02 1.779016759776536389e+02 8.221828587000953870e-02
2.523654176318299562e+02 1.779198255893173553e+02 8.107371576509060651e-02
2.522925194168142866e+02 1.777651451151382958e+02 6.428668755961303161e-02
2.522240087205341297e+02 1.775991279465867194e+02 4.804469273743016550e-02
2.522485624744515462e+02 1.778082572557569279e+02 6.322387246218831580e-02
2.523096879683880616e+02 1.782048235454421672e+02 7.063632647499659689e-02
2.523003406458645657e+02 1.788173593132579242e+02 6.107099059817414077e-02
2.521670799836489891e+02 1.793534814007358023e+02 5.382204660035427163e-02
2.521321705954489687e+02 1.795234228096470872e+02 7.153563155743289381e-02
2.521543534541490601e+02 1.796604987055457059e+02 7.069082981332606985e-02
2.521032293227960110e+02 1.799094427033655847e+02 6.267883907889358619e-02
2.520990598174138029e+02 1.800928191851751023e+02 6.739337784439296264e-02
2.520351274015533534e+02 1.801634010083117516e+02 5.919062542580733055e-02
2.520966344188581445e+02 1.802388336285597461e+02 6.128900395149202568e-02
2.521283553617658981e+02 1.804215288186401551e+02 3.597220329745196704e-02
2.521443248398964556e+02 1.808141981196348240e+02 6.158877231230412697e-02
2.521878730072216968e+02 1.812307126311486627e+02 8.845891810873415806e-02
2.521771085979016220e+02 1.815737021392560280e+02 8.625153290639051007e-02
2.519339147022755014e+02 1.811200163510015102e+02 4.856247445156015863e-02
2.524982422673388669e+02 1.772289412726529463e+02 2.659762910478266629e-02
2.522067584139528549e+02 1.763096062133805617e+02 2.400872053413271451e-02
2.520914566017168568e+02 1.762153426897397424e+02 2.054775855021119882e-02
2.523084616432756491e+02 1.766519144297588184e+02 2.763319253304264908e-02
2.524468456192941801e+02 1.773979016214743183e+02 4.150429213789344485e-02
2.523722578007902939e+02 1.789121133669437143e+02 5.581141844938002777e-02
2.522054503338329425e+02 1.796410410137621056e+02 6.082572557569151245e-02
2.521094699550347400e+02 1.797214606894672215e+02 5.180542308216378594e-02
2.520162964981605001e+02 1.795256301948494411e+02 3.313802970431938694e-02
2.519169914157242260e+02 1.793783894263523564e+02 3.548167325248671733e-02
2.520187218967161868e+02 1.795365036108461538e+02 4.278512058863605250e-02
2.520902030249352777e+02 1.797166371440250714e+02 3.896988690557296603e-02
2.522040332470363921e+02 1.800025889085706581e+02 6.137075895898623512e-02
2.522654040059953786e+02 1.803768633328791395e+02 8.041967570513694485e-02
2.523724485624744602e+02 1.808630603624471860e+02 7.325248671481128515e-02
2.522775855021120037e+02 1.810987873007221651e+02 6.995503474587819182e-02
2.522583185720125414e+02 1.813266112549393654e+02 7.379752009810601476e-02
2.523089249216514531e+02 1.814642049325521214e+02 8.543398283144842953e-02
2.521715765090611683e+02 1.814459190625425720e+02 8.120997411091429585e-02
2.522418585638370416e+02 1.816297315710587270e+02 8.044692737430167440e-02
2.522757596402779541e+02 1.817962392696552740e+02 1.163646273334241754e-01
2.524199209701594100e+02 1.821550892492165019e+02 9.742471726393241160e-02
2.525356588091020456e+02 1.826767407003679011e+02 1.299904619157923324e-01
2.525535631557432907e+02 1.831769995912249556e+02 1.256301948494345233e-01
2.523960485079711020e+02 1.828491347595040111e+02 1.027115410818912611e-01
2.519879275105600129e+02 1.798254803106690360e+02 3.496389153835672420e-02
2.519935413544079665e+02 1.783285188717808865e+02 1.558795476222918711e-02
2.519889085706499543e+02 1.780559749284643658e+02 1.817686333287913888e-02
2.521290911568333684e+02 1.784014988418040559e+02 1.798610164872598352e-02
2.522550211200436081e+02 1.789558795476222883e+02 3.027660444202207382e-02
2.522523232047962836e+02 1.799273743016759681e+02 6.385066085297724792e-02
2.524168142798746430e+02 1.806666848344461016e+02 8.622428123722578053e-02
2.522094018258618462e+02 1.805524730889767113e+02 5.861834037334786446e-02
2.521796157514647803e+02 1.802468728709633581e+02 3.787982013898351374e-02
2.520104646409592704e+02 1.800239542171958078e+02 3.142117454694100254e-02
2.519430167597765262e+02 1.798342553481400614e+02 2.368170050415588021e-02
2.519881727755825125e+02 1.798617522823273021e+02 1.280828450742607996e-02
2.520252895489848868e+02 1.800612617522823200e+02 1.250851614661398041e-02
2.521022482627060981e+02 1.801911977108597966e+02 2.580733069900531529e-02
2.521213789344597274e+02 1.802552936367352459e+02 3.063087614116364460e-02
2.521366126175228146e+02 1.802641504292137995e+02 3.485488486169777828e-02
2.520770132170595446e+02 1.802289412726529463e+02 3.300177135849570453e-02
2.520536312849162073e+02 1.801953672162420048e+02 2.869600763046736489e-02
2.520016078484807167e+02 1.800276604442022119e+02 2.264613707589589742e-02
2.520578280419675821e+02 1.801112958168687896e+02 2.635236408230004143e-02
2.520954080937457320e+02 1.802894672298678245e+02 4.425671072353181551e-02
2.521327973838397725e+02 1.804079574873960894e+02 4.357541899441341043e-02
2.521523913339692058e+02 1.805504292137893572e+02 5.014307126311486756e-02
2.518939365036108597e+02 1.794183131216786933e+02 2.038424853522278341e-02
2.527404278512058795e+02 1.750713448698732861e+02 3.556342825998092677e-02
2.524505245946314176e+02 1.737620111731843622e+02 2.776945087886633148e-02
2.521214334377980606e+02 1.732767679520370621e+02 2.128355361765908033e-02
2.523687968388063894e+02 1.735611118681019320e+02 3.695326338738248034e-02
2.527042103828859467e+02 1.739133124403869601e+02 5.278648317209429230e-02
2.522864695462596956e+02 1.787616569014852246e+02 4.273061725030657954e-02
2.522327565063360169e+02 1.788607167188990275e+02 4.973429622564382035e-02
2.521404005995367186e+02 1.787997274833083452e+02 2.959531271290366528e-02
2.520111186810192123e+02 1.785831039651178571e+02 2.436299223327428876e-02
2.519566970976972300e+02 1.785009946859245247e+02 3.054912113366943863e-02
2.520196484534677666e+02 1.785864286687559570e+02 2.673388745060634869e-02
2.520619430440114570e+02 1.786289957759912852e+02 3.556342825998092677e-02
2.521168551573783816e+02 1.788024799018940030e+02 5.139664804469273873e-02
2.523113775718762781e+02 1.789310260253440390e+02 4.728164600081755098e-02
2.522776400054503370e+02 1.792169232865512924e+02 3.678975337239406146e-02
2.522533587682245582e+02 1.795519280555934074e+02 4.793568606077121957e-02
2.522605532088840334e+02 1.798411227687695941e+02 7.243493663986919073e-02
2.521882545305900010e+02 1.802150701730481046e+02 6.739337784439296264e-02
2.521510832538492934e+02 1.805416814279874700e+02 5.436707998364900124e-02
2.521898351274015511e+02 1.807043738929009464e+02 6.780215288186401679e-02
2.522200572285052544e+02 1.809463959667529593e+02 5.799155198255893234e-02
2.522336013080801251e+02 1.813348957623654485e+02 8.521596947813053768e-02
2.520177953399645787e+02 1.808979970023164014e+02 5.183267475132851548e-02
2.526168142798746317e+02 1.766668210927919347e+02 5.066085297724485376e-02
2.520027796702547960e+02 1.747179179724758171e+02 2.984057773538629360e-02
2.519987191715492543e+02 1.738740155334514270e+02 2.335468047417904244e-02
2.521462052050688101e+02 1.739985829132034212e+02 3.063087614116364460e-02
2.524839351410273878e+02 1.744709633465049876e+02 3.428259980923831912e-02
2.521506744788118226e+02 1.796533587682245638e+02 4.112276876958713412e-02
2.523124948903120242e+02 1.800481264477449201e+02 7.129036653495027243e-02
2.522500613162556249e+02 1.804148249080256221e+02 5.938138710996048591e-02
2.521833764818095176e+02 1.803001498841803993e+02 4.245810055865921473e-02
2.521430712631148765e+02 1.801531271290366476e+02 3.144842621610573902e-02
2.521163918790025775e+02 1.801804878048780552e+02 2.643411908979425087e-02
2.522101921242676212e+02 1.804316664395694261e+02 3.869737021392560122e-02
2.523189535359040860e+02 1.809994004632783628e+02 5.513012672026161576e-02
2.523384929826951861e+02 1.812002452650224882e+02 7.845755552527591825e-02
2.524205750102193804e+02 1.816694372530317594e+02 8.954898487532361728e-02
2.523556887859381277e+02 1.820250442839623872e+02 7.055457146750238051e-02
2.523699141572421354e+02 1.821312985420356938e+02 8.794113639460417187e-02
2.523545169641640484e+02 1.823015124676386449e+02 7.595040196212017591e-02
2.524234909388200094e+02 1.824166780215288099e+02 9.129309170186673816e-02
2.523717127674069900e+02 1.826505518463005728e+02 7.954762229186537748e-02
2.523514102738792815e+02 1.826935822319117051e+02 8.755961302629786114e-02
2.523453331516555522e+02 1.830309851478403118e+02 6.821092791933505706e-02
2.523101512467638656e+02 1.830274151791797124e+02 7.900258890857064786e-02
2.520286960076304581e+02 1.819667529636190295e+02 3.608120997411091296e-02
2.521425807330699058e+02 1.780620247990189284e+02 1.485215969478130560e-02
2.521102330017713484e+02 1.768882136530862397e+02 1.427987464232184298e-02
2.520872325929963154e+02 1.767396920561384377e+02 1.825861834037334833e-02
2.521686605804605392e+02 1.768314756778852654e+02 2.831448426216105763e-02
2.522442839623927000e+02 1.770586455920425237e+02 4.022346368715083720e-02
2.523008311759095363e+02 1.776559749284643601e+02 4.976154789480855684e-02
2.523625834582368270e+02 1.782188036517236753e+02 6.763864286687559790e-02
2.523933778443929725e+02 1.785048371712767334e+02 6.197029568061043769e-02
2.523458781850388277e+02 1.786827633192532971e+02 5.692873688513421654e-02
2.523534814007358023e+02 1.789201526093473262e+02 6.025344052323204636e-02
2.523424444747240898e+02 1.791344324839896558e+02 5.733751192260525681e-02
2.523938683744379432e+02 1.797700776672571124e+02 6.355089249216513969e-02
2.521700231639187848e+02 1.806119089794249817e+02 7.450606349638914938e-02
2.520614797656356529e+02 1.812351001498841754e+02 1.057637280283417330e-01
2.520153971930780870e+02 1.814588091020575007e+02 9.595312712903665553e-02
2.520314484262161159e+02 1.816637689058454725e+02 1.029568061043738963e-01
2.520744788118272197e+02 1.819131489303719889e+02 1.275650633601308204e-01
2.520681836762501575e+02 1.819398010628150928e+02 1.280828450742607927e-01
2.520787845755552610e+02 1.819348412590271096e+02 1.149475405368578784e-01
2.521470772584820850e+02 1.820800381523368401e+02 1.258754598719171447e-01
2.522586728437116790e+02 1.822861152745605580e+02 1.350047690421038171e-01
2.522872598446654990e+02 1.827263659899168715e+02 1.099877367488758667e-01
2.523271290366535027e+02 1.828121542444474699e+02 1.225507562338193218e-01
2.519793159831039588e+02 1.822547486033519419e+02 7.208066494072762342e-02
2.522227278920833839e+02 1.784884861697779002e+02 2.509878730072217026e-02
2.519923150292955540e+02 1.775069900531407541e+02 1.850388336285597665e-02
2.519054639596675429e+02 1.771493118953535770e+02 1.166371440250715298e-02
2.519424444747240841e+02 1.772537130399236958e+02 1.580596811554707895e-02
2.521386564927101688e+02 1.776433029023027643e+02 3.313802970431938694e-02
2.522084207657719048e+02 1.784544488349911546e+02 4.016896034882136424e-02
2.520990598174138029e+02 1.793217059544897154e+02 5.314075487123586655e-02
2.520673116228369111e+02 1.793684153154380567e+02 4.651859926420492952e-02
2.519857473770268541e+02 1.792347731298542044e+02 2.905027932960893913e-02
2.519463687150837927e+02 1.791636462733342512e+02 3.278375800517781963e-02
2.519490938820002839e+02 1.792279874642321715e+02 2.122905027932960736e-02
2.520303038561111748e+02 1.795751737293909116e+02 3.515465322250987956e-02
2.521968660580460551e+02 1.803039378661943033e+02 8.243629922332743054e-02
2.522962256438206907e+02 1.806419403188445187e+02 1.064995230957896111e-01
2.522514784030521753e+02 1.810831720942907737e+02 6.913748467093609740e-02
2.522815642458100456e+02 1.813972203297452097e+02 1.005041558795476270e-01
2.523537811690966066e+02 1.817884452922741616e+02 1.255484398419403069e-01
2.522701730480991955e+02 1.817645455784166870e+02 1.103692601171821774e-01
2.522938547486033656e+02 1.817625017032293329e+02 1.121678702820547713e-01
2.523165553890175659e+02 1.818318572012535697e+02 1.016487259844665453e-01
2.523475950401962109e+02 1.819301267202616259e+02 1.241041013762092943e-01
2.523954217195803267e+02 1.820249080256165826e+02 1.457691783621746784e-01
2.524201117318435763e+02 1.824467093609483470e+02 1.247036380978334968e-01
2.525421174546941074e+02 1.826209292819185066e+02 1.452786483172094356e-01
2.523661534268973980e+02 1.823408911295816779e+02 1.034200844801744096e-01
2.521682245537539302e+02 1.789306172503065682e+02 4.809919607575963846e-02
2.518973429622564311e+02 1.779664259435890585e+02 2.572557569151110585e-02
2.518757868919471434e+02 1.775020029976836042e+02 2.542580733069900456e-02
2.519019484943452767e+02 1.776177680882954064e+02 3.237498296770677242e-02
2.520588908570649949e+02 1.779456874233546841e+02 3.272925466684834667e-02
2.522226188854067175e+02 1.787519553072625627e+02 2.956806104373892879e-02
2.522504700912930957e+02 1.792970976972339656e+02 5.485761002861425095e-02
2.523246491347595111e+02 1.793790979697506600e+02 7.030930644501975912e-02
2.522670118544760953e+02 1.792203569968660588e+02 5.237770813462324510e-02
2.522026706635781466e+02 1.790975609756097526e+02 5.237770813462324510e-02
2.522800109006676621e+02 1.792503065812780960e+02 5.278648317209429230e-02
2.519227960212562891e+02 1.797967297997002447e+02 1.940318844529227357e-02
2.520796021256302026e+02 1.800516964164054912e+02 1.891265840032702039e-02
2.522100831175909548e+02 1.804628150974247092e+02 4.480174410682654512e-02
2.523105327701321698e+02 1.806751328518871844e+02 6.210655402643412010e-02
2.523027387927510574e+02 1.808062951355770451e+02 8.009265567516010709e-02
2.523391470227551565e+02 1.808493255211881774e+02 8.189126584003270093e-02
2.522761139119771201e+02 1.808639869191987941e+02 6.990053140754871885e-02
2.522457828041967502e+02 1.809158740972884516e+02 7.284371167734023100e-02
2.522848071944406456e+02 1.809291456601716845e+02 6.788390788935821929e-02
2.522158059681155464e+02 1.810376073034473450e+02 8.031066902847799893e-02
2.523506744788118397e+02 1.812757868919471207e+02 1.036926011718217744e-01
2.524381523368306262e+02 1.814825453058999756e+02 1.140754871235863249e-01
2.524712358631966254e+02 1.816628423490938928e+02 1.246491347595040239e-01
2.523105327701321698e+02 1.814679656628968587e+02 1.142389971385747438e-01
2.522624608257255829e+02 1.788145251396647950e+02 2.864150429213789192e-02
2.519386564927101801e+02 1.776345823681700438e+02 7.575964027796702575e-03
2.519366126175228260e+02 1.767111595585229509e+02 5.014307126311486409e-03
2.521130399236953394e+02 1.767919607575963994e+02 5.859108870418312971e-03
2.521982831448426339e+02 1.775266657582776872e+02 2.678839078893582165e-02
2.524393241586047054e+02 1.785397465594767539e+02 4.932552118817277315e-02
2.524094018258618348e+02 1.791133124403869772e+02 5.134214470636326577e-02
2.522946722986783072e+02 1.791035835944951486e+02 3.545442158332198085e-02
2.520772312304128491e+02 1.786951083253849220e+02 2.602534405232320366e-02
2.520882409047554233e+02 1.786063768905845563e+02 2.738792751056002076e-02
2.521309442703365562e+02 1.786058046055320858e+02 2.662488077394740277e-02
2.521184902575282649e+02 1.786122087477858145e+02 2.627060907480583199e-02
2.521587954762229060e+02 1.787299632102466376e+02 3.245673797520098186e-02
2.523588499795612563e+02 1.789864014170867961e+02 4.390243902439024126e-02
2.523974110914293476e+02 1.791835399918244889e+02 6.134350728982149864e-02
2.522945905436708074e+02 1.794235181904891760e+02 4.886224281237225991e-02
2.523093609483580906e+02 1.796041967570513691e+02 4.848071944406594919e-02
2.523952309578961604e+02 1.796906117999727428e+02 5.785529363673524994e-02
2.522887859381387159e+02 1.797958849979561364e+02 4.570104918926284204e-02
2.522835536176590949e+02 1.797977108597901577e+02 5.532088840441477112e-02
2.522679656628968416e+02 1.800041695053822082e+02 4.897124948903120584e-02
2.522559476767952162e+02 1.802827633192532915e+02 3.880637689058454715e-02
2.523117590952445823e+02 1.805454149066630407e+02 6.693009946859244941e-02
2.521855293636735382e+02 1.803296906935549941e+02 5.469410001362583207e-02
2.523397193078075986e+02 1.769109687968388016e+02 2.174683199345960050e-02
2.522083117590952384e+02 1.748845074260798356e+02 1.106417768088295388e-02
2.521964845346777508e+02 1.740997956124812731e+02 9.074805831857201202e-03
2.521784711813598676e+02 1.740736885134214447e+02 2.169232865513012753e-02
2.523833492301403396e+02 1.743694781305354979e+02 3.139392287777626606e-02
2.521749284643684348e+02 1.789898896307398957e+02 5.030658127810328645e-02
2.521777081346232592e+02 1.793340237089521736e+02 4.640959258754599054e-02
2.521602943180269847e+02 1.794363809783349097e+02 4.788118272244174661e-02
2.520745060634963863e+02 1.793789889630739935e+02 3.294726802016623851e-02
2.519995367216241959e+02 1.792994140891129575e+02 3.316528137348412342e-02
2.519436162964981634e+02 1.792629241041013870e+02 3.869737021392560122e-02
2.519883907889358170e+02 1.793429622564381987e+02 3.401008311759095432e-02
2.520227823954217286e+02 1.793538356724349399e+02 4.005995367216241831e-02
2.521748467093609349e+02 1.796518871780896518e+02 4.771767270745333467e-02
2.522899850115819618e+02 1.798235181904891533e+02 7.107235318163238058e-02
2.523539991824499111e+02 1.800313666712086160e+02 7.780351546532225659e-02
2.523618749148385234e+02 1.803261479765635613e+02 5.474860335195530503e-02
2.523130944270336613e+02 1.803587682245537565e+02 4.864422945905436807e-02
2.522409865104237667e+02 1.803838397601853103e+02 4.294863060362447138e-02
2.522254258073307085e+02 1.803209974110914402e+02 4.442022073852023439e-02
2.522115547077258384e+02 1.803724213108052936e+02 4.826270609074805734e-02
2.522604442022073954e+02 1.805107780351546580e+02 5.624744515601580452e-02
2.519739474042785048e+02 1.812717536449107456e+02 1.591497479220602140e-02
2.519542171958032384e+02 1.812388608802289127e+02 1.812235999454966592e-02
2.517150837988826879e+02 1.808497070445564816e+02 1.095517100422400796e-02
2.525462052050688158e+02 1.769372666575827679e+02 2.406322387246218747e-02
2.522245265022482670e+02 1.755450878866330697e+02 3.082163782531679996e-02
2.518668755961302566e+02 1.744656220193486718e+02 1.376209292819185158e-02
2.519460961983921550e+02 1.735867284371167614e+02 2.027524185856383748e-02
2.520819730208475278e+02 1.738339828314484237e+02 2.905027932960893913e-02
2.523721760457827941e+02 1.783064722714266281e+02 4.003270200299768183e-02
2.524207657719035183e+02 1.784398964436571760e+02 4.992505790979697572e-02
2.523121678702820532e+02 1.786337103147567689e+02 4.300313394195394434e-02
2.523130944270336613e+02 1.785920152609347440e+02 3.163918790025888744e-02
2.521652268701458013e+02 1.784828723259299750e+02 3.114865785529363773e-02
2.521728300858427474e+02 1.785549802425398696e+02 2.757868919471317612e-02
2.522507698596539001e+02 1.789053277013217098e+02 5.044283962392696885e-02
2.522813189807875744e+02 1.794287505109687970e+02 6.480446927374301780e-02
2.522508516146613999e+02 1.801985284098651050e+02 9.333696688922196727e-02
2.521622291865376724e+02 1.806575555252759102e+02 8.161874914838533612e-02
2.522134895762365545e+02 1.810679656628968530e+02 9.614388881318980395e-02
2.522016623518190386e+02 1.813121133669437199e+02 9.671617386564927699e-02
2.521640005450333888e+02 1.817500204387518750e+02 8.216378253168006573e-02
2.522347458781850378e+02 1.819639460416950669e+02 9.333696688922196727e-02
2.523454966616705235e+02 1.821758550211200429e+02 1.039651178634691392e-01
2.523373756642594401e+02 1.823654448834991229e+02 9.325521188172775089e-02
2.523239133396920693e+02 1.825258209565335790e+02 1.157650906117999728e-01
2.523761547894808643e+02 1.829808420765772041e+02 1.489303719852841101e-01
2.522925194168142866e+02 1.831060089930508354e+02 7.859381387109960759e-02
2.523706227006404106e+02 1.833338329472680073e+02 1.023845210519144233e-01
2.521359585774628727e+02 1.830043602670663461e+02 7.766725711949856725e-02
2.521663986919198805e+02 1.790416132988145534e+02 1.269927783076713404e-02
2.520929826951900736e+02 1.770708270881591488e+02 2.212835536176590776e-02
2.521357950674478730e+02 1.765522550756233784e+02 3.373756642594358951e-02
2.521263387382477106e+02 1.766677203978743762e+02 2.798746423218421986e-02
2.522146341463414672e+02 1.773235045646545984e+02 3.022210110369260086e-02
2.523135032020711321e+02 1.784958441204523751e+02 5.717400190761684486e-02
2.522442294590543668e+02 1.796453467774901185e+02 6.246082572557569434e-02
2.521639460416950556e+02 1.800277967025480450e+02 6.425943589044828819e-02
2.521171821774083526e+02 1.801929963210246513e+02 4.387518735522550478e-02
2.522251260389698757e+02 1.802273879275105628e+02 3.883362855974928363e-02
2.522542853249761663e+02 1.803967843030385723e+02 5.856383703501839150e-02
2.523658536585365937e+02 1.808243357405641234e+02 9.202888676931461620e-02
2.521992369532633802e+02 1.814140618612890137e+02 1.144842621610573652e-01
2.522488349911432124e+02 1.823484398419403192e+02 1.399373211609211132e-01
2.523189262842349194e+02 1.832784575555252786e+02 1.340509606213380611e-01
2.523842485352227811e+02 1.837215151928055548e+02 9.061179997274833309e-02
2.524691102330017713e+02 1.838277421992096947e+02 1.081618749148385294e-01
2.524014988418040559e+02 1.838331652813734820e+02 1.005859108870418295e-01
2.524814279874642295e+02 1.840254530589998581e+02 1.053277013217059493e-01
2.524851342144706337e+02 1.840833083526366067e+02 1.122496252895489877e-01
2.526132170595448940e+02 1.844876141163646253e+02 8.881318980787573925e-02
2.527326883771631003e+02 1.848806376890584602e+02 1.202071126856519984e-01
