2.521586846170823151e+02 2.273147208121827418e+02 1.535257117634076240e-01
2.528924906201721399e+02 1.790177940851909000e+02 5.659622599867578652e-01
2.528748344736261231e+02 1.793935941293312624e+02 5.096557051423526996e-01
2.528423637166188485e+02 1.793581163098653803e+02 4.846060472301920163e-01
2.527166464356654103e+02 1.793246248068859074e+02 3.929320238357978390e-01
2.522328128448466202e+02 1.786116475391745837e+02 2.130324431692783016e-01
2.526271518428602860e+02 1.731265173250938005e+02 9.465349812403442420e-02
2.520619068638269766e+02 1.710988468329287002e+02 2.720150077245641132e-02
2.522522621937762040e+02 1.714313893180313357e+02 5.718936217170602493e-02
2.525748455087177149e+02 1.723212591039505526e+02 4.245751489737364937e-02
2.521106267932023854e+02 1.779906753476053893e+02 1.795961156477598672e-02
2.522296402560141360e+02 1.787805672037077898e+02 1.434561906863826911e-02
2.522024111675126790e+02 1.800801423526815199e+02 2.938093136173030098e-02
2.521911553740896181e+02 1.803603233281836253e+02 3.285698521297726604e-02
2.521668505848598443e+02 1.803411498565438080e+02 3.089825645552858255e-02
2.520443058927389188e+02 1.801219653498123989e+02 2.380821010814389641e-02
2.519455142352681492e+02 1.799367689251820650e+02 1.895276980798940580e-02
2.519982067976164331e+02 1.800364709777091150e+02 2.369785919223129506e-02
2.521954038843522312e+02 1.806963418671375052e+02 3.324321341867137597e-02
2.522881262414477987e+02 1.814652946369454867e+02 3.889869785919223416e-02
2.524358033546678541e+02 1.819537629662326310e+02 4.871992937541381324e-02
2.524218439638048892e+02 1.824571286691679575e+02 5.694107261090267103e-02
2.524584804678878811e+02 1.832528691238137242e+02 5.569962480688589457e-02
2.524916409181196286e+02 1.839689362171706080e+02 4.750606930037519493e-02
2.524728812624144894e+02 1.841425733833590925e+02 4.149194438313837802e-02
2.524403001544912684e+02 1.841302692562348398e+02 5.084418450673140744e-02
2.525099591701611246e+02 1.842418892076804298e+02 7.614213197969543767e-02
2.524935444714191135e+02 1.844814334583977029e+02 5.296843963804899469e-02
2.525811079231957592e+02 1.846515118075479904e+02 6.532774222026042910e-02
2.525341260207459584e+02 1.846235102626351932e+02 6.822445376296623620e-02
2.519337066872654987e+02 1.810477819465901632e+02 2.110461266828514773e-02
2.520896049437210422e+02 1.774783160450231776e+02 4.634738468329287209e-02
2.519508938424188784e+02 1.767340818803796196e+02 3.062237916574707397e-02
2.521019918340322192e+02 1.769069741778856724e+02 2.913264180092694708e-02
2.523055616861620081e+02 1.776365316707128557e+02 2.562900022070183081e-02
2.521950728316045058e+02 1.783383083204590491e+02 3.809865371882586310e-02
2.524041878172588724e+02 1.795203321562568988e+02 5.233392187155153086e-02
2.523061686161995283e+02 1.801843412050320126e+02 8.171485323328184225e-02
2.521688093136173165e+02 1.803434948135069646e+02 7.735599205473404905e-02
2.521191514014566337e+02 1.803307768704480338e+02 6.736923416464356273e-02
2.520963915250496541e+02 1.802669112778636133e+02 6.358971529463694483e-02
2.521385179871992932e+02 1.804006565879496691e+02 7.200397263297285411e-02
2.522335853012579889e+02 1.810721143235488739e+02 1.229309203266387152e-01
2.523149415140145777e+02 1.820711211653056694e+02 1.747406753476053731e-01
2.524425071728095418e+02 1.832135566100198503e+02 1.252758772897815120e-01
2.524870889428382270e+02 1.842639593908629365e+02 6.022401235930258112e-02
2.525725005517545867e+02 1.852599315824321309e+02 1.158132862502758709e-01
2.526094405208563103e+02 1.857214467005076131e+02 1.354557492827190568e-01
2.526526704921650719e+02 1.860461542705804447e+02 8.552195983226661136e-02
2.525791491944383154e+02 1.862211432354888530e+02 6.797616420216287536e-02
2.525936327521518479e+02 1.863878558817038140e+02 7.757669388655925868e-02
2.518101688369013402e+02 1.848628338115206304e+02 2.008386669609357744e-02
2.520677278746413492e+02 1.850443058927389188e+02 4.190576031781063915e-02
2.524267545795630099e+02 1.856484771573604178e+02 5.633414257338335840e-02
2.525506510704038874e+02 1.858768207901125606e+02 6.819686603398808500e-02
2.521736371661884846e+02 1.822915471198410842e+02 2.386338556610019881e-02
2.520811355109247529e+02 1.780546788788346930e+02 1.189031118958287433e-02
2.524767435444714181e+02 1.717842363716618763e+02 5.078900904877510503e-02
2.525327466342970695e+02 1.719796126682851423e+02 5.580997572279849939e-02
2.526338280732730084e+02 1.726295243875524079e+02 3.611233723239903187e-02
2.523180589273891030e+02 1.746907691458839054e+02 1.547671595674244074e-02
2.522722357095563837e+02 1.797466067093356799e+02 1.578018097550209706e-02
2.524362999337894564e+02 1.800866806444493591e+02 3.660891635400573968e-02
2.524723295078349281e+02 1.802898642683734352e+02 4.560251600088281038e-02
2.524301202824983363e+02 1.803813727653939623e+02 5.070624586184065141e-02
2.524861233723239877e+02 1.805153111895828602e+02 7.059699845508717042e-02
2.524318583094239727e+02 1.807626351798720066e+02 8.731516221584639803e-02
2.523680754800264765e+02 1.810608585301258131e+02 9.539836680644449285e-02
2.523019752813948458e+02 1.810945983226660871e+02 9.906753476053850593e-02
2.522990233943941689e+02 1.811864102847053744e+02 9.879165747075700776e-02
2.522264124917236927e+02 1.812819741778856724e+02 9.746744647980577769e-02
2.522675182079011336e+02 1.813557713529022237e+02 1.029574045464577425e-01
2.522634352240123690e+02 1.815038898697859224e+02 1.023228867799602787e-01
2.522716011917898982e+02 1.816906863826969811e+02 1.238964908408739796e-01
2.522712977267711381e+02 1.819422037077907817e+02 1.262690355329949277e-01
2.521937486206135475e+02 1.822653387773118538e+02 8.279077466342971148e-02
2.520179044361068179e+02 1.822433237695872776e+02 7.548002648421982264e-02
2.518832487309644534e+02 1.821066265725005451e+02 6.248620613551092440e-02
2.519932961818583124e+02 1.822094736261310857e+02 5.832045905981019657e-02
2.517381372765393905e+02 1.812968439638048892e+02 2.389097329507835002e-02
2.526961487530346631e+02 1.755431472081218374e+02 1.809755020966673927e-02
2.521543809313617430e+02 1.730343743103067879e+02 1.663540057382476359e-02
2.519701500772456484e+02 1.723971253586404657e+02 1.219377620834252891e-02
2.522360406091370635e+02 1.727405925844184367e+02 2.736702714632531508e-02
2.524865371882586658e+02 1.731392628558816966e+02 4.979585080556168941e-02
2.522845950121385954e+02 1.783490675347605361e+02 1.611123372323990457e-02
2.524597495034208805e+02 1.786681472081218374e+02 3.156036195100419411e-02
2.523488468329287002e+02 1.789624806885897215e+02 4.223681306554844667e-02
2.522744979033325876e+02 1.788661719267269916e+02 2.601522842639594074e-02
2.521835411608916218e+02 1.788122379165747020e+02 2.488413153829176910e-02
2.521853619510041824e+02 1.787980026484219707e+02 2.430478922975060768e-02
2.523037960715074064e+02 1.792168119620392872e+02 3.478812624144780180e-02
2.523793312734495657e+02 1.796888380048554268e+02 5.305120282498344830e-02
2.523654270580445882e+02 1.802915195321121189e+02 1.070403884352240098e-01
2.522578349150298038e+02 1.814681361730302456e+02 1.096336349591701675e-01
2.521477874641359449e+02 1.827390200838667056e+02 8.629441624365481733e-02
2.522331714853233393e+02 1.836150408298388754e+02 9.241889207680423213e-02
2.523291216067093217e+02 1.841931141028470620e+02 5.318914146987419739e-02
2.525106488633855690e+02 1.846483116309865409e+02 5.103729860957845893e-02
2.526003917457514945e+02 1.849909236371661905e+02 7.305230633414257213e-02
2.526474012359302606e+02 1.852238192451997350e+02 8.897042595453542868e-02
2.526787133083204537e+02 1.852828845729419527e+02 1.066817479585080580e-01
2.527374751710439114e+02 1.854497903332597559e+02 8.439086294416243972e-02
2.527919609357757622e+02 1.856312624144780443e+02 1.033712204811299967e-01
2.520234771573604178e+02 1.795220977709115004e+02 1.084197748841315458e-02
2.522120944603840087e+02 1.765836459942617580e+02 3.269145883910836575e-02
2.521140752593246646e+02 1.758890421540498892e+02 3.470536305451335513e-02
2.521284484661222791e+02 1.757138876627676041e+02 2.728426395939086146e-02
2.522583314941514061e+02 1.759038843522401123e+02 3.305009931582432448e-02
2.524838611785477838e+02 1.766602571176340746e+02 4.160229529905098284e-02
2.523515504303685759e+02 1.779635841977488440e+02 4.574045464577355946e-02
2.524714191127786478e+02 1.785088004855440431e+02 4.698190244979033592e-02
2.523574266166409075e+02 1.786774718605164480e+02 3.451224895166629669e-02
2.522916574707570021e+02 1.785198631648642618e+02 2.935334363275215325e-02
2.522428547781946691e+02 1.784778194659015753e+02 2.907746634297064814e-02
2.521954866475391839e+02 1.785132145221805331e+02 2.902229088501434573e-02
2.523001269035532914e+02 1.787904987861399206e+02 2.860847495034208807e-02
2.523356598984771608e+02 1.794380931361730234e+02 6.736923416464356273e-02
2.523337011697197170e+02 1.800470646656367251e+02 8.836349591701611605e-02
2.522654215404987781e+02 1.804332652836018553e+02 6.496910174354447731e-02
2.519630876186272417e+02 1.813065824321341779e+02 2.223570955638931937e-02
2.520145111454424978e+02 1.813814003531229275e+02 3.476053851246965060e-02
2.520355329949238694e+02 1.813910008828073330e+02 3.575369675568307315e-02
2.520875910395056394e+02 1.814539009048775142e+02 3.729860957845949898e-02
2.521882586625469003e+02 1.815484716398146077e+02 4.491282277642904414e-02
2.523286250275877194e+02 1.818076583535643351e+02 7.128669167954093666e-02
2.524574597219156828e+02 1.821485323328183483e+02 1.062403442948576526e-01
2.522660560582652920e+02 1.818592198190245028e+02 7.285919223129551370e-02
2.517620834252924169e+02 1.800374641359523196e+02 1.978040167733392113e-02
2.518065824321341779e+02 1.783092308541160946e+02 1.249724122710218523e-02
2.516640090487751138e+02 1.776509048775104702e+02 1.776649746192893523e-02
2.516901070403884262e+02 1.772367303023615079e+02 1.851136614433899694e-02
2.517970370779077598e+02 1.770000827631869242e+02 2.226329728536746710e-02
2.520048554403001617e+02 1.772234054292650569e+02 2.358750827631869371e-02
2.522095563893180383e+02 1.775001931141028422e+02 2.761531670712866898e-02
2.521711266828514795e+02 1.775506786581328527e+02 3.953321562568969105e-02
2.520789284926064795e+02 1.774093467225777943e+02 3.216729198852350674e-02
2.521307658353564420e+02 1.773550540719487856e+02 3.153277422202604291e-02
2.521581604502317475e+02 1.775844184506731267e+02 3.145001103509158930e-02
2.522215570514235310e+02 1.779336515118075397e+02 3.387773118516883980e-02
2.523704204369896331e+02 1.785373813727653953e+02 5.878945045243875317e-02
2.522863606267931971e+02 1.793331494151401557e+02 4.209887442065769064e-02
2.522402063562127523e+02 1.799728536746854957e+02 6.483116309865372129e-02
2.522679871992937422e+02 1.804955859633635100e+02 7.914919443831383572e-02
2.523804623703376819e+02 1.810720591480909150e+02 1.163374531008607438e-01
2.522368958287353848e+02 1.813727102184948023e+02 1.083921871551533911e-01
2.522277918781725816e+02 1.816845343191348547e+02 7.879055396159788394e-02
2.523057823879938155e+02 1.819418174795850689e+02 1.099922754358861193e-01
2.523311355109247529e+02 1.821313175899360033e+02 8.858419774884131181e-02
2.522273504745089383e+02 1.819588942838225591e+02 8.196314279408518921e-02
2.520315879496799880e+02 1.793557161774442648e+02 1.473184727433237730e-02
2.522859468108585190e+02 1.768561851688369018e+02 3.945045243875524264e-03
2.520074762745530847e+02 1.757313506952107787e+02 8.193555506510704842e-03
2.520035036415802381e+02 1.755826528360185250e+02 1.230412712425513200e-02
2.521680920326638784e+02 1.757326473184727433e+02 2.460825424851026400e-02
2.522337784153608595e+02 1.760112282056940955e+02 2.347715736040609236e-02
2.526287519311410392e+02 1.771057989406312174e+02 4.099536526153167021e-02
2.525780456852791929e+02 1.774962204811299955e+02 5.001655263738689211e-02
2.524132090046347514e+02 1.773481019642462968e+02 3.591922312955197344e-02
2.523753310527477254e+02 1.772507724564113971e+02 2.471860516442286534e-02
2.523335908188037990e+02 1.771301313175899281e+02 2.918781725888324949e-02
2.524237475171044025e+02 1.774175402780843172e+02 3.040167733392187127e-02
2.525195321121165364e+02 1.776485047450893831e+02 3.473295078349150633e-02
2.525068693445155645e+02 1.777931196203928437e+02 3.509159126020745811e-02
2.524774608254248562e+02 1.781751544912822851e+02 2.344956963142794115e-02
2.523996634297064645e+02 1.785021518428602860e+02 4.667843743103067961e-02
2.523660891635400674e+02 1.789700397263297305e+02 4.833370116971971026e-02
2.522287574486868209e+02 1.793883800485544100e+02 6.502427720150076584e-02
2.522391856102405541e+02 1.795774387552416727e+02 5.051313175899359992e-02
2.522751875965570605e+02 1.797724288236592258e+02 4.077466342970646751e-02
2.522960715073935205e+02 1.799151953211211605e+02 6.204480247186051900e-02
2.523286250275877194e+02 1.803029132641800913e+02 8.701169719708673478e-02
2.523127620834252980e+02 1.806909346722577823e+02 5.125800044140366163e-02
2.517224674464798113e+02 1.796877069079673390e+02 1.467667181637607662e-02
2.529090156698300689e+02 1.748055616861620081e+02 3.721584639152505231e-02
2.523425016552637317e+02 1.732496137717943157e+02 1.473184727433237730e-02
2.522043147208121923e+02 1.726278967115427179e+02 2.331163098653718860e-02
2.522923747517104403e+02 1.725003586404767191e+02 1.506290002207018308e-02
2.525162491723681342e+02 1.727236261310968928e+02 3.462259986757890151e-02
2.519662050320017670e+02 1.784312237916574588e+02 8.607371441182962504e-03
2.519466453321562653e+02 1.791224067534760422e+02 1.437320679761642031e-02
2.519971584639152411e+02 1.790915084970205271e+02 1.338004855440300123e-02
2.518307216949900749e+02 1.788996358419774992e+02 9.986757890090488046e-03
2.518687927609799146e+02 1.789389207680423794e+02 1.037298609578459450e-02
2.520204976826307757e+02 1.790505683072169631e+02 2.066320900463473886e-02
2.520782663871110003e+02 1.792845398366806364e+02 2.364268373427499612e-02
2.523139759435003384e+02 1.796152339439417460e+02 3.591922312955197344e-02
2.523712756565879545e+02 1.801800375193114121e+02 5.260979916133303597e-02
2.525613826969763807e+02 1.807519311410284786e+02 1.051644228647097834e-01
2.524424795850805481e+02 1.812381648642683842e+02 9.007393511366144911e-02
2.523458121827411276e+02 1.818592474067534681e+02 1.000055175457956330e-01
2.523035477819465768e+02 1.825802802913264316e+02 1.339384241889207683e-01
2.523926285588170515e+02 1.826962039284925936e+02 1.416905760317810625e-01
2.523175899359964660e+02 1.830526097991613312e+02 1.349039947031560327e-01
2.524231681747958476e+02 1.835858530125800030e+02 1.606433458397704683e-01
2.523539505627896631e+02 1.844320238357978496e+02 1.128613992496137752e-01
2.524829507834915034e+02 1.850890256014124873e+02 1.123372323990289162e-01
2.525136559258441764e+02 1.851717612006179650e+02 1.026263517987199281e-01
2.518329563010372851e+02 1.838981185168836987e+02 5.139593908629441765e-02
2.522732840432575472e+02 1.792998786139924903e+02 1.365592584418450633e-02
2.528200176561465469e+02 1.730181803133966127e+02 6.530015449128227789e-02
2.527305782387993816e+02 1.729726605605826535e+02 5.710659898477157131e-02
2.526466011917898982e+02 1.731870999779298188e+02 4.626462149635841847e-02
2.526947141911277868e+02 1.734327687044802531e+02 4.618185830942396486e-02
2.521563120723901932e+02 1.792123979254027688e+02 2.419443831383800633e-02
2.521957625248289503e+02 1.795310361951004268e+02 2.565658794967998202e-02
2.521186824100639967e+02 1.795929706466563687e+02 2.847053630545133551e-02
2.519921650849701962e+02 1.793413705583756439e+02 2.190465680865151185e-02
2.519034429485764690e+02 1.791964798057823884e+02 2.182189362171706171e-02
2.519482454204369901e+02 1.792860019863164780e+02 1.406974177885676400e-02
2.521853343632752171e+02 1.795208287353785011e+02 4.259545354226439845e-02
2.522228536746854957e+02 1.802869951445597110e+02 4.863716618847936657e-02
2.522112392407856873e+02 1.811046402560141360e+02 8.808761862723460401e-02
2.522355440300154612e+02 1.815856047230192019e+02 1.023780622379165811e-01
2.523288733171485205e+02 1.818767104391966427e+02 1.177444272787464136e-01
2.522560141249172432e+02 1.819428106378283019e+02 7.719046568086515570e-02
2.521373317148532465e+02 1.819542319576252396e+02 7.556278967115427625e-02
2.522510759214301572e+02 1.821357316265724933e+02 8.883248730964467266e-02
2.523090377400132525e+02 1.823964080776870560e+02 7.338335908188037271e-02
2.523009269476936538e+02 1.824748675789008985e+02 7.597660560582653044e-02
2.522352957404546316e+02 1.826566707128669123e+02 5.481681747958508377e-02
2.524402449790333378e+02 1.830622379165747020e+02 8.822555727212536003e-02
2.524720812182740985e+02 1.835211597881262549e+02 1.254965791216067217e-01
2.524577355992054777e+02 1.840194217612006184e+02 7.732840432575589784e-02
2.523542816155374169e+02 1.839547009490178766e+02 7.754910615758110748e-02
2.520322224674464735e+02 1.797038733171485205e+02 2.207018318252041561e-02
2.524704535422644085e+02 1.764419554182299805e+02 1.649746192893401103e-02
2.522955197528139593e+02 1.757758221143235460e+02 1.967005076142131978e-02
2.522519311410284786e+02 1.757037353785036373e+02 1.892518207901125460e-02
2.523491502979474603e+02 1.760511752372544834e+02 1.765614654601633041e-02
2.525033381152063612e+02 1.765886945486647619e+02 3.492606488633855782e-02
2.524025325535201887e+02 1.780765283601853923e+02 4.678878834694327749e-02
2.524267821672919752e+02 1.786333590818803714e+02 4.162988302802913404e-02
2.522703597439858640e+02 1.785381538291767924e+02 2.400132421099095137e-02
2.521520359743985864e+02 1.783717446479805915e+02 2.557382476274553187e-02
2.521239516662988365e+02 1.784246854998896481e+02 2.684286029574045607e-02
2.522494758331494040e+02 1.786201169719708730e+02 3.357426616640918349e-02
2.523581163098653803e+02 1.791217722357095568e+02 3.396049437210328648e-02
2.524709225336570171e+02 1.798482123151622147e+02 7.862502758772897671e-02
2.522018318252041524e+02 1.808916354005738185e+02 1.124475833149415072e-01
2.519794747296402591e+02 1.821677058044581656e+02 2.761531670712866898e-02
2.521121165305671923e+02 1.823423637166188485e+02 3.511917898918560932e-02
2.521816927830500958e+02 1.825247461928933888e+02 4.993378945045243850e-02
2.521877069079673390e+02 1.825940465680865259e+02 5.340984330169940703e-02
2.522951611123372402e+02 1.826479254027808565e+02 6.262414478040168042e-02
2.523391911277863642e+02 1.828144449348929470e+02 7.263849039947031794e-02
2.524457901125579440e+02 1.831580500993158296e+02 1.021849481350695227e-01
2.525598929596115738e+02 1.833751379386448832e+02 9.713639373206797711e-02
2.525233392187155061e+02 1.838584197748841405e+02 1.256621054954756012e-01
2.527031008607371518e+02 1.843715515338777209e+02 1.380765835356433380e-01
2.525757559037739952e+02 1.849870061796513028e+02 1.518152725667623049e-01
2.525890256014124873e+02 1.850799216508497125e+02 1.402284263959390764e-01
2.522315989847715798e+02 1.812063562127565604e+02 6.819686603398808500e-02
2.522276539395276984e+02 1.777517932023835669e+02 3.531229309203266081e-02
2.521384903994703279e+02 1.769122710218494774e+02 1.903553299492385942e-02
2.521711266828514795e+02 1.763526815272566637e+02 1.390421540498786197e-02
2.522095012138600794e+02 1.764858750827631866e+02 1.459390862944162474e-02
2.522175016552637317e+02 1.769780125800044175e+02 2.634628117413374479e-02
2.523423361288898832e+02 1.781160339880821084e+02 2.849812403442948672e-02
2.522466618847936388e+02 1.787080666519532031e+02 3.244316927830501185e-02
2.522487861399249596e+02 1.788138104171264615e+02 2.921540498786140069e-02
2.521917347163981447e+02 1.786960659898477104e+02 3.205694107261090192e-02
2.521312624144780443e+02 1.787391028470536298e+02 2.703597439858750756e-02
2.522522621937762040e+02 1.788887662767600943e+02 4.038843522401235758e-02
2.523197141911277868e+02 1.791578018097550284e+02 3.106378282939748284e-02
2.523595232840432629e+02 1.797297506069300255e+02 5.923085411608916551e-02
2.522624420657691360e+02 1.806142959611564720e+02 7.321783270801147936e-02
2.520886117854778092e+02 1.813245420436989548e+02 7.832156256896932733e-02
2.520854943721032839e+02 1.818964908408739802e+02 1.013573162657250004e-01
2.521278967115427179e+02 1.825491337453100869e+02 9.206025160008828034e-02
2.521632917678216756e+02 1.827439582873537915e+02 1.026815272566762305e-01
2.521984661222688260e+02 1.829222026042816083e+02 1.135786802030456788e-01
2.522258607371441315e+02 1.828931251379386538e+02 9.862613109688810054e-02
2.522972577797395672e+02 1.830407746634297155e+02 1.214411829618185779e-01
2.523335632310748053e+02 1.835144559699845388e+02 8.524608254248509931e-02
2.524654601633193636e+02 1.838012855881703729e+02 1.192893401015228394e-01
2.525350915912601977e+02 1.840358640476715948e+02 1.193721032884572930e-01
2.525327190465680758e+02 1.843120723902008251e+02 9.708121827411167470e-02
2.518633028029132674e+02 1.825095453542264465e+02 3.098101964246303269e-02
2.522132807327300839e+02 1.790241116751269033e+02 2.728426395939086146e-02
2.519621496358419677e+02 1.783623648201279934e+02 2.543588611785477932e-02
2.518195762524829036e+02 1.780728867799602710e+02 1.853895387331714814e-02
2.519697086735819767e+02 1.781426285588170515e+02 2.215294636945486575e-02
2.521436768925182150e+02 1.785127731185168898e+02 3.666409181196204209e-02
2.523059755020966577e+02 1.797394890752593142e+02 7.401787684837783654e-02
2.523642959611564720e+02 1.803280732730081581e+02 7.462480688589714917e-02
2.522451445596998383e+02 1.806227102184948023e+02 8.041822997130876338e-02
2.521747682630765723e+02 1.806639538733171548e+02 5.923085411608916551e-02
2.521392904436106903e+02 1.805709004634738335e+02 4.540940189803575194e-02
2.522519587287574439e+02 1.807684561906863792e+02 6.209997792981681447e-02
2.523402670492165214e+02 1.815249393069962593e+02 1.126406974177885656e-01
2.524467556830721833e+02 1.825491337453100869e+02 1.385455749282719085e-01
2.522865813286250329e+02 1.836383248730964510e+02 1.355936879276098128e-01
2.523308596336349581e+02 1.846333039064224124e+02 7.244537629662325950e-02
2.524760814389759389e+02 1.850473405429265199e+02 8.574266166409180712e-02
2.524447969543147110e+02 1.850299878613992632e+02 8.673581990730523661e-02
2.523523504745089383e+02 1.849671706025160063e+02 8.130103729860957418e-02
2.523350253807106469e+02 1.849393621717060228e+02 7.437651732509380220e-02
2.523633303906422327e+02 1.849019256234826685e+02 7.004524387552416020e-02
2.523800761421319692e+02 1.849581770028691210e+02 7.851467667181637189e-02
2.523491502979474603e+02 1.856440631207238994e+02 1.111785477819465968e-02
2.524823438534539832e+02 1.858725998675789128e+02 7.172809534319134553e-03
2.522415857426616697e+02 1.855872323990289203e+02 6.621054954756124336e-03
2.522157912160670890e+02 1.806185720591480788e+02 8.339770470094902410e-02
2.519775160008828152e+02 1.795909291547119722e+02 2.521518428602957315e-02
2.527957956301037257e+02 1.733100860737144160e+02 4.976826307658353821e-02
2.526957625248289503e+02 1.734445210770249446e+02 6.105164422864709645e-02
2.525350915912601977e+02 1.741357868020304522e+02 4.044361068196865999e-02
2.525592860295740536e+02 1.755455749282719182e+02 6.836239240785697835e-02
2.522188534539836553e+02 1.812459997792981596e+02 6.436217170602516469e-02
2.521587397925402740e+02 1.812289781505186568e+02 5.423747517104392235e-02
2.520426230412712414e+02 1.811656367247848038e+02 5.249944824542043809e-02
2.520136559258441764e+02 1.811044195541823001e+02 5.481681747958508377e-02
2.520858806003089967e+02 1.811559810196424678e+02 6.786581328625027054e-02
2.521870723902008251e+02 1.813466398146104552e+02 8.783932906643125704e-02
2.523891525049657787e+02 1.821133579783712264e+02 9.837784153608475357e-02
2.524521904656808715e+02 1.829636669609357682e+02 1.250827631869344536e-01
2.524289340101522896e+02 1.837517656146546017e+02 1.028470536305451377e-01
2.524887442065769108e+02 1.842433513573162713e+02 6.954866475391745240e-02
2.526142683734275067e+02 1.846310417126462085e+02 8.419774884131538129e-02
2.526953487088942722e+02 1.851282001765614780e+02 8.016994041050540254e-02
2.526840929154712114e+02 1.852807327300816667e+02 9.583977047009489825e-02
2.526962591039505526e+02 1.854412933127345013e+02 8.731516221584639803e-02
2.527181913484882045e+02 1.856299657912160797e+02 8.210108143897594524e-02
2.528037960715074064e+02 1.858084032222467386e+02 9.236371661884792972e-02
2.528926561465460168e+02 1.862202328404325726e+02 8.044581770028691459e-02
2.528455363054513327e+02 1.861745199735157712e+02 9.029463694548664487e-02
2.523318527918781626e+02 1.819606047230192019e+02 4.345067314058706498e-02
2.522093632752151962e+02 1.786408353564334561e+02 1.967005076142131978e-02
2.526011642021628916e+02 1.726153994703155945e+02 3.029132641800926992e-02
2.526023780622379036e+02 1.726428216729198937e+02 3.525711763407636534e-02
2.528070514235268149e+02 1.730800595894945957e+02 2.907746634297064814e-02
2.529878613992496241e+02 1.737403442948576355e+02 4.416795409401898242e-02
2.521250000000000000e+02 1.799641083645994399e+02 3.373979254027808378e-02
2.521922312955197469e+02 1.803321010814389638e+02 4.193334804678879035e-02
2.521324762745530847e+02 1.804748399911719332e+02 3.415360847495034491e-02
2.520262083425292303e+02 1.803603785036415843e+02 2.433237695872875889e-02
2.519696259103950524e+02 1.803268594129331177e+02 2.411167512690355272e-02
2.520020966674023271e+02 1.804146987419995583e+02 3.387773118516883980e-02
2.522687044802471803e+02 1.811328900904877628e+02 5.870668726550430649e-02
2.523453707790774558e+02 1.816049713087618613e+02 7.203156036195100531e-02
2.525148973736482105e+02 1.823451776649746137e+02 1.026539395276980793e-01
2.524802747737806214e+02 1.831962866916795463e+02 1.118130655484440572e-01
2.523960218494813432e+02 1.837533381152063612e+02 8.243213418671374582e-02
2.524127400132421144e+02 1.839112778636062728e+02 8.988082101081439068e-02
2.524664257338336029e+02 1.841480357536967460e+02 1.057713529022290821e-01
2.525401401456632016e+02 1.844580942396821968e+02 9.457073493709998446e-02
2.525234771573604178e+02 1.844788953873317041e+02 9.236371661884792972e-02
2.525194217612006184e+02 1.847973129551975262e+02 6.394835577135289661e-02
2.527354888545575022e+02 1.851014676671816517e+02 1.005020966674023408e-01
2.528999117192672657e+02 1.855367744427278751e+02 1.241447804016773404e-01
2.528879938203486972e+02 1.857782498344736268e+02 7.688700066210549244e-02
2.520864047671595642e+02 1.835091315382917685e+02 3.227764290443610462e-02
2.521951555947914301e+02 1.783306389318031222e+02 2.731185168836901267e-02
2.525624034429485789e+02 1.720885014345619197e+02 7.906643125137938211e-02
2.523098929596115738e+02 1.718161829618185834e+02 6.444493489295961830e-02
2.523868627234606095e+02 1.718589439417347080e+02 4.756124475833149734e-02
2.525948741999558536e+02 1.722966508497020470e+02 7.972853674685499714e-02
2.523722688148311590e+02 1.787217225777974079e+02 2.891193996910174438e-02
2.524454314720812249e+02 1.791859964687706963e+02 4.298168174795850838e-02
2.518991116751269033e+02 1.799749503420878511e+02 5.903774001324211228e-03
2.518173416464356649e+02 1.796410008828073330e+02 9.876406974177884962e-03
2.516486978591922252e+02 1.793653718825866292e+02 9.931582432134187371e-03
2.516799271683954942e+02 1.793508331494151378e+02 6.648642683734274673e-03
2.518826142131979680e+02 1.795866254689914001e+02 1.158684617082321802e-02
2.523005958949459284e+02 1.801287519311410392e+02 4.193334804678879035e-02
2.524455969984550734e+02 1.805609964687706963e+02 7.164533215625690232e-02
2.524787850364158146e+02 1.810624034429485789e+02 8.601853895387331916e-02
2.523282939748399940e+02 1.815367192672699161e+02 9.528801589053188803e-02
2.523657029353343546e+02 1.820474508938424094e+02 1.120889428382255554e-01
2.523603233281836253e+02 1.822539450452438814e+02 1.190410505407194924e-01
2.522255296843963777e+02 1.824072776429044325e+02 1.247517104391966392e-01
2.522717115427058161e+02 1.826955694107261081e+02 1.292485102626351745e-01
2.522980302361509644e+02 1.829685499889648952e+02 1.345177664974619158e-01
2.522872158463915184e+02 1.833865868461708146e+02 1.411112337232399150e-01
2.524752262193776176e+02 1.838403498124034456e+02 1.418009269476936673e-01
2.525494647980578122e+02 1.842600971088060078e+02 1.333039064224233183e-01
2.524941789891855990e+02 1.847612833811520545e+02 1.108750827631869301e-01
2.524831714853233393e+02 1.846482840432575472e+02 8.188037960715073560e-02
2.523245696314279485e+02 1.796721474288236493e+02 2.146325314500110298e-02
2.526365868461708146e+02 1.761598157139704313e+02 3.007062458618406375e-02
2.522848708894283902e+02 1.756420492165084966e+02 1.073162657250055149e-02
2.522155705142352815e+02 1.755545685279187751e+02 2.284263959390862853e-02
2.524050982123151528e+02 1.760237254469212189e+02 2.620834252924299224e-02
2.525433679099536448e+02 1.767401511807547934e+02 5.757559037740013486e-02
2.523228316045023121e+02 1.780220977709115004e+02 7.983888766276760196e-02
2.522732840432575472e+02 1.789106709335687526e+02 5.459611564775987413e-02
2.521768097550209689e+02 1.789704259545354148e+02 4.894063120723902288e-02
2.520959501213860108e+02 1.787562072390200854e+02 3.100860737144118390e-02
2.520474233061134441e+02 1.786867137497241345e+02 3.274663429706466816e-02
2.520366089163539982e+02 1.790601964246303339e+02 3.001544912822776481e-02
2.523670823217832719e+02 1.797639593908629365e+02 4.665084970205252840e-02
2.523578680203045792e+02 1.806685886117854807e+02 9.705363054513352350e-02
2.523716067093356799e+02 1.815274497903332644e+02 1.243930699624806874e-01
2.522191845067314091e+02 1.821608640476715948e+02 1.112613109688810470e-01
2.522968991392628482e+02 1.829023946148753055e+02 1.238413153829176772e-01
2.523488468329287002e+02 1.833784484661222791e+02 1.251655263738689072e-01
2.522373648201279934e+02 1.837919885235047559e+02 7.763186934451556109e-02
2.522005352019421878e+02 1.837746634297064645e+02 7.655594791436769186e-02
2.522631869344515678e+02 1.839622875744868793e+02 8.116309865371883203e-02
2.523730136835135625e+02 1.841202824983447499e+02 9.597770911498565427e-02
2.524111675126903549e+02 1.844012083425292303e+02 7.619730743765172620e-02
2.524771297726771024e+02 1.847402339439417460e+02 7.898366806444492849e-02
2.526136890311189518e+02 1.853306665195321159e+02 1.237033767380269211e-01
2.527059423968218823e+02 1.857087287574486822e+02 1.449459280512028214e-01
2.526404491282277718e+02 1.855565824321341779e+02 1.039781505186493094e-01
2.523238523504745103e+02 1.808463087618627299e+02 6.665195321121165917e-02
2.523222246744647919e+02 1.771662160670933588e+02 3.589163540057382223e-02
2.520905705142352815e+02 1.768202935334363417e+02 2.424961377179430527e-02
2.520721143235488739e+02 1.766651953211211605e+02 2.913264180092694708e-02
2.521352626351798847e+02 1.768318527918781626e+02 2.044250717280953270e-02
2.523369013462811665e+02 1.775099039947031656e+02 5.771352902229088394e-02
2.523070790112557802e+02 1.786633745310085999e+02 7.056941072610903309e-02
2.522549933789450449e+02 1.790672312955197469e+02 6.003089825645552963e-02
2.521424078569852156e+02 1.790687762083425412e+02 4.794747296402560033e-02
2.520747351578017970e+02 1.788819245199735235e+02 3.771242551313176011e-02
2.519837232399029006e+02 1.788000717280953324e+02 3.829176782167292153e-02
2.520761145442507143e+02 1.788860626793202471e+02 3.961597881262414467e-02
2.521462977267711381e+02 1.794116365040829919e+02 3.418119620392848917e-02
2.522179430589273750e+02 1.799737364820128107e+02 5.106488633855661013e-02
2.519665084970205271e+02 1.812950783491502875e+02 2.256676230412712342e-02
2.521225998675789128e+02 1.815440576031781177e+02 3.699514455969984267e-02
2.521948797175016637e+02 1.816818858971529380e+02 5.702383579783712464e-02
2.523036857205914885e+02 1.818040995365261665e+02 6.880379607150739762e-02
2.523838556610019737e+02 1.819087673802692677e+02 7.807327300816596649e-02
2.524491558154932704e+02 1.821081714853233393e+02 9.192231295519752432e-02
2.524478040167733468e+02 1.822403718825866292e+02 8.781174133745310584e-02
2.524886614433899865e+02 1.824646325314500075e+02 1.072059148090929170e-01
2.525656312072390222e+02 1.829730467887883378e+02 1.342970646656367339e-01
2.526584915029794729e+02 1.835201942176120156e+02 1.465460163319355635e-01
2.526342143014786927e+02 1.842492275435886029e+02 1.416354005738247601e-01
2.525738247627455166e+02 1.843266111233723166e+02 1.291933348046788721e-01
2.519558596336349581e+02 1.822114599426175232e+02 4.273339218715515447e-02
2.525398366806444415e+02 1.781122544692121039e+02 2.226329728536746710e-02
2.522941127786360767e+02 1.774998896490840821e+02 1.953211211653056723e-02
2.521528084308099835e+02 1.772882641800926820e+02 1.213860075038622824e-02
2.522496137717943157e+02 1.773326804237475187e+02 1.263517987199293778e-02
2.524295409401898098e+02 1.776275104833370051e+02 2.458066651953211279e-02
2.523138931803133858e+02 1.787560417126462085e+02 3.884352240123593175e-02
2.521769201059368868e+02 1.793584197748841405e+02 6.458287353785036045e-02
2.520531339660119272e+02 1.793997461928933888e+02 3.575369675568307315e-02
2.519762469653498158e+02 1.792050320017656020e+02 2.400132421099095137e-02
2.519594460384021204e+02 1.791208618406532764e+02 2.670492165084970351e-02
2.520167733392187017e+02 1.791355109247406858e+02 2.322886779960273498e-02
2.521778305009931671e+02 1.794785091591260198e+02 4.907856985212977197e-02
2.523729585080556035e+02 1.799084087397925487e+02 6.634848819245199592e-02
2.522990785698521279e+02 1.805305672037077898e+02 8.281836239240786268e-02
2.522474067534760422e+02 1.811016883690134591e+02 9.663981461046126931e-02
2.522442617523725517e+02 1.815521683954976879e+02 6.946590156698301266e-02
2.523167347163981447e+02 1.818114378724343396e+02 1.011366144338998047e-01
2.525328845729419527e+02 1.821318969322445298e+02 1.331659677775325623e-01
2.523885455749282585e+02 1.822315989847715798e+02 8.982564555285808827e-02
2.524257062458618464e+02 1.823555782387993816e+02 9.294305892738909114e-02
2.524249613771794429e+02 1.826875137938644968e+02 7.186603398808209808e-02
2.525394504524387571e+02 1.829558320459059928e+02 1.093301699404105043e-01
2.525060141249172432e+02 1.835721694990068329e+02 1.492772015007724495e-01
2.525135179871992932e+02 1.838349426175237227e+02 1.035643345839770413e-01
2.519924409622599910e+02 1.819768263076583423e+02 3.735378503641580139e-02
2.521578845729419527e+02 1.774914478040167864e+02 3.889869785919223416e-02
2.519912822776429095e+02 1.764669499006841704e+02 2.532553520194217450e-02
2.519616254689914001e+02 1.762202604281615663e+02 2.019421761200617879e-02
2.521346281174133708e+02 1.763586956521739069e+02 2.237364820128007192e-02
2.523292595453542333e+02 1.769643014787022821e+02 4.287133083204590356e-02
2.520984881924520096e+02 1.795845839770470036e+02 5.578238799382034818e-02
2.520498510262635250e+02 1.798395773559920485e+02 4.676120061796512628e-02
2.520135731626572522e+02 1.797945817700286852e+02 4.069190024277201390e-02
2.520129662326197320e+02 1.795286360626793112e+02 2.772566762304127033e-02
2.519398587508276250e+02 1.794760814389759389e+02 3.147759876406974050e-02
2.520310361951004268e+02 1.795556720370778976e+02 2.474619289340101655e-02
2.521737199293754088e+02 1.797930644449348847e+02 4.248510262635180057e-02
2.523255903774001183e+02 1.801298002648422028e+02 8.025270359743985615e-02
2.524714467005076131e+02 1.809561630986537182e+02 1.245310086073714434e-01
2.523976219377620964e+02 1.816191514014566337e+02 7.774222026042816591e-02
2.525440300154491240e+02 1.822566762304127224e+02 9.928823659236371557e-02
2.525854667843743186e+02 1.824783988082101018e+02 1.003365702935334336e-01
2.524938755241668389e+02 1.826627951887000734e+02 6.789340101522842175e-02
2.524009876406974229e+02 1.827427168395497574e+02 7.702493930699624847e-02
2.522854502317369167e+02 1.828614544250717415e+02 6.295519752813948100e-02
2.523530677554623765e+02 1.829961377179430713e+02 7.912160670933568452e-02
2.524555285808872327e+02 1.834626738026925636e+02 6.331383800485544666e-02
2.521464632531450150e+02 1.845165526373868943e+02 1.506290002207018308e-02
2.522085080556168748e+02 1.846056334142573405e+02 1.677333921871551614e-02
2.516826031781063762e+02 1.833056168616199386e+02 1.097991613330390713e-02
2.522862226881483139e+02 1.775904049878614046e+02 3.796071507393511402e-02
2.525282498344736268e+02 1.744165747075700779e+02 6.916243654822334941e-02
2.523833590818803714e+02 1.738177278746413492e+02 6.295519752813948100e-02
2.524506179651291120e+02 1.738390256014124873e+02 7.145221805340984389e-02
2.525679485764731851e+02 1.743201280070624648e+02 9.206025160008828034e-02
2.522802085632310707e+02 1.796522566762304223e+02 2.055285808872213751e-02
2.523144449348929470e+02 1.799689362171706080e+02 3.785036415802250920e-02
2.522508276318693561e+02 1.804168229971308790e+02 6.218274111675126808e-02
2.521462425513131791e+02 1.805217943058927403e+02 7.175568307216949326e-02
2.521133303906422327e+02 1.804747296402560153e+02 6.560361951004192727e-02
2.520717556830721833e+02 1.804751710439196586e+02 6.957625248289560360e-02
2.521517600971088200e+02 1.807246468770690910e+02 7.211432354888545893e-02
2.522923195762524813e+02 1.815373813727653953e+02 1.099646877069079681e-01
2.523274663429706379e+02 1.829199955859633633e+02 9.909512248951665714e-02
2.523355219598322776e+02 1.831378558817038140e+02 1.115371882586625452e-01
2.523599095122489473e+02 1.837019421761200704e+02 7.782498344736261953e-02
2.524513628338115154e+02 1.839392794085190985e+02 9.341205032001766162e-02
2.525878945045243995e+02 1.841643676892518329e+02 1.054954756124475840e-01
2.525715349812403474e+02 1.844104502317369167e+02 8.880489958066652145e-02
2.525747903332597559e+02 1.845444162436548083e+02 6.590708452880159052e-02
2.526234274994482405e+02 1.846219929375413926e+02 7.928713308320459174e-02
2.527827466342970695e+02 1.848600474508938305e+02 1.017987199293754197e-01
2.527773118516883812e+02 1.853848764069741719e+02 1.479254027808430683e-01
2.527020249393069946e+02 1.860282222467446616e+02 9.487419995585963384e-02
2.525354502317369167e+02 1.859873372323990282e+02 1.006400353122930968e-01
2.520162215846391405e+02 1.833373979254027688e+02 2.513242109909512301e-02
2.522023008165967894e+02 1.788879110571617730e+02 2.005627896711542624e-02
2.528146656367247829e+02 1.736952659457073480e+02 6.684506731405870372e-02
2.527273780622379036e+02 1.736164478040167864e+02 5.586515118075480180e-02
2.526702990509821234e+02 1.739366585742661755e+02 3.277422202604281937e-02
2.527021904656808715e+02 1.745932465239461351e+02 6.116199514455970127e-02
2.520483612888986897e+02 1.798583645994261815e+02 2.573935113661443563e-02
2.520534374310306873e+02 1.801163374531008685e+02 2.866365040829839048e-02
2.520652449790333378e+02 1.802651732509379769e+02 3.252593246523945852e-02
2.519377344956963043e+02 1.799081052747737886e+02 2.780843080997572395e-02
2.518443500331052860e+02 1.797697528139483438e+02 2.460825424851026400e-02
2.518177554623703429e+02 1.796413595232840521e+02 2.074597219156918901e-02
2.518746413595232809e+02 1.796879276097991749e+02 2.670492165084970351e-02
2.520171319796954208e+02 1.799532112116530698e+02 2.571176340763628443e-02
2.520688865592584307e+02 1.802516276760097185e+02 3.889869785919223416e-02
2.522002869123813866e+02 1.805121386007503759e+02 6.063782829397484225e-02
2.523106930037519362e+02 1.809908408739792662e+02 8.999117192672699550e-02
2.523371220481130024e+02 1.812777256676230309e+02 7.172809534319134206e-02
2.524258993599646885e+02 1.813585025380710647e+02 8.745310086073714018e-02
2.523399359964687676e+02 1.815282774222025921e+02 6.179651291105716510e-02
2.523604060913705496e+02 1.817818638269697544e+02 8.676340763628338781e-02
2.524893235488854657e+02 1.827748013683513477e+02 1.151511807548002697e-01
2.524670050761421294e+02 1.839062568969322342e+02 1.056610019863164912e-01
2.525368296181858341e+02 1.846046402560141360e+02 1.038126241447804021e-01
2.526891414698741869e+02 1.852807327300816667e+02 6.193445155594791418e-02
2.526043919664533348e+02 1.853648753034650269e+02 6.935555065107040784e-02
2.517245089384241794e+02 1.828130931361730234e+02 1.459390862944162474e-02
2.515195872875744953e+02 1.802820845288015903e+02 1.004193334804678872e-02
2.516053299492385804e+02 1.790040553961597993e+02 1.258000441403663711e-02
2.515992330611344130e+02 1.786073162657250180e+02 1.086956521739130405e-02
2.516717612006179650e+02 1.785233116309865409e+02 1.180754800264842246e-02
2.519119399691017520e+02 1.788149415140145777e+02 1.875965570514235431e-02
2.519551147649525547e+02 1.801277311851688410e+02 2.085632310748179383e-02
2.519886614433899865e+02 1.802107978371220440e+02 1.947693665857426482e-02
2.518253145001103519e+02 1.799160781284484756e+02 1.442838225557272099e-02
2.517399028911939922e+02 1.797611178547782060e+02 1.376627676009710942e-02
2.516530567203707847e+02 1.795695762524829036e+02 1.222136393732068012e-02
2.517432685941293187e+02 1.796280346501876011e+02 1.627676009710880486e-02
2.518319631427940806e+02 1.797756565879496691e+02 1.757338335908188026e-02
2.520256565879496691e+02 1.800891083645994399e+02 2.322886779960273498e-02
2.521990454645773525e+02 1.805944603840211755e+02 6.325866254689914425e-02
2.523018097550209689e+02 1.808464191127786478e+02 8.469432796292208909e-02
2.524305340984330144e+02 1.812444548664753938e+02 1.061851688369013502e-01
2.524451555947914301e+02 1.814993654822335145e+02 1.288622820569410854e-01
2.523343908629441614e+02 1.816920381814169048e+02 1.307106598984771606e-01
2.523831935555065229e+02 1.819045188700066262e+02 1.396214963584197777e-01
2.523628613992496241e+02 1.821222964025601527e+02 1.234274994482454230e-01
2.522866365040829919e+02 1.824429761642021504e+02 1.080335466784374254e-01
2.523489020083866592e+02 1.827156256896932121e+02 8.298388876627675603e-02
2.523726826307658371e+02 1.830241668505848622e+02 9.192231295519752432e-02
2.521873482674906199e+02 1.827818914146987481e+02 6.938313838004855905e-02
2.522649525491061695e+02 1.781481736923416577e+02 5.216839549768263057e-02
2.519387276539395373e+02 1.760571617744427328e+02 4.146435665416022681e-02
2.517855881703818284e+02 1.751319796954314825e+02 4.000220701831825459e-02
2.518562955197528197e+02 1.748421706025160063e+02 2.979474729640255865e-02
2.520225391745751438e+02 1.750503476053851273e+02 3.768483778415360891e-02
2.522818362392407892e+02 1.754295961156477688e+02 5.109247406753476134e-02
2.523172864709777059e+02 1.802748013683513477e+02 4.543698962701390315e-02
2.521961487530346631e+02 1.802549382034870860e+02 4.322997130876186228e-02
2.520778249834473570e+02 1.800892187155153294e+02 2.485654380931361790e-02
2.519039395276980713e+02 1.798940631207238994e+02 1.318693445155594800e-02
2.518676064886338679e+02 1.798180037519311441e+02 1.291105716177444289e-02
2.520714798057823884e+02 1.799657084528801647e+02 1.544912822776429127e-02
2.523282939748399940e+02 1.803300044140366367e+02 4.811299933789450756e-02
2.523298940631207188e+02 1.807123427499448383e+02 5.553409843301699428e-02
2.523622268814831102e+02 1.811408353564334561e+02 7.084528801589053126e-02
2.523063065548444115e+02 1.815405815493268733e+02 5.352019421761200491e-02
2.522890642242330728e+02 1.816046678437431012e+02 6.124475833149414794e-02
2.523276042816155496e+02 1.816350971088060078e+02 7.661112337232399427e-02
2.523444879717501692e+02 1.816443665857426595e+02 6.157581107923195546e-02
2.522995475612447649e+02 1.816833480467887796e+02 7.324542043698963056e-02
2.523876351798720066e+02 1.817987475171044025e+02 7.258331494151401553e-02
2.524330721694990132e+02 1.821131924519973495e+02 5.741006400353122763e-02
2.524503972632972761e+02 1.824372103288457367e+02 8.174244096225999345e-02
2.523858695652174049e+02 1.826610019863164780e+02 7.048664753917457948e-02
2.519120503200176699e+02 1.807287022732288619e+02 2.187706907967336065e-02
2.527549382034870860e+02 1.754027808430809898e+02 2.121496358419774908e-02
2.523631924519973495e+02 1.734470315603619497e+02 9.490178768483778504e-03
2.520050485544030039e+02 1.728049547561244879e+02 7.972853674685500408e-03
2.520435886117854807e+02 1.728062513793864525e+02 7.338335908188038312e-03
2.524465901566983064e+02 1.766531946590156679e+02 1.669057603178106253e-02
2.525446645332156379e+02 1.769701500772456484e+02 2.195983226660781426e-02
2.523232730081659554e+02 1.786635124696535115e+02 4.507834915029794443e-02
2.522369234164643501e+02 1.790555340984330144e+02 3.663650408298389088e-02
2.521702990509821234e+02 1.788894835577135325e+02 2.435996468770690662e-02
2.520258497020525397e+02 1.787934230854116038e+02 2.579452659457073457e-02
2.519904546457735535e+02 1.790209666740233843e+02 2.990509821231516346e-02
2.521210549547561186e+02 1.793733447362613163e+02 3.197417788567644831e-02
2.521804789229750554e+02 1.801689472522621998e+02 4.778194659015670004e-02
2.522596005296844055e+02 1.808562679320238260e+02 7.476274553078790519e-02
2.523280456852791929e+02 1.818511090267049326e+02 9.374310306775546220e-02
2.522355992054733917e+02 1.823770139042154028e+02 6.152063562127565999e-02
2.520103729860957742e+02 1.833807382476274483e+02 7.559037740013241878e-03
2.520574652394614930e+02 1.834815989847715798e+02 1.707680423747517245e-02
2.521163374531008685e+02 1.835392021628779560e+02 2.438755241668505783e-02
2.522829397483999117e+02 1.837555175457956409e+02 3.793312734495696281e-02
2.525790112557934322e+02 1.840672312955197469e+02 7.647318472743323825e-02
2.527238744206576939e+02 1.846715404987861291e+02 9.046016331935555210e-02
2.528037408960494474e+02 1.851819962480688559e+02 1.203928492606488598e-01
2.526913484881924603e+02 1.856629331273449566e+02 1.462977267711322027e-01
2.527229088501434546e+02 1.858372599867578856e+02 1.518980357536967585e-01
2.520242772015007802e+02 1.823484330169940506e+02 1.393180313396601144e-02
2.518021959832266532e+02 1.790853012580004417e+02 2.623593025822114344e-02
2.518161277863606244e+02 1.768233833590818733e+02 1.696645332156256764e-02
2.518411498565438080e+02 1.764124089604943606e+02 1.048333701169719759e-02
2.519094570734937122e+02 1.765407194879717565e+02 2.085632310748179383e-02
2.520926120061796496e+02 1.770122765393952875e+02 2.893952769807989558e-02
2.524346998455087316e+02 1.788777587728978062e+02 3.961597881262414467e-02
2.523687375855219557e+02 1.795025104833370051e+02 2.913264180092694708e-02
2.524199955859633633e+02 1.796282553520194085e+02 3.409843301699404250e-02
2.523146656367247829e+02 1.797452273228867909e+02 4.033325976605605517e-02
2.522247848157139742e+02 1.798049823438534531e+02 3.605716177444272946e-02
2.523237695872875861e+02 1.799616806444493591e+02 3.589163540057382223e-02
2.523619510041933438e+02 1.802967612006179650e+02 3.834694327962922394e-02
2.524463142794085115e+02 1.805646932244537766e+02 6.747958508055616755e-02
2.523268042374751587e+02 1.810060141249172432e+02 5.829287133083204536e-02
2.523348598543367984e+02 1.812994096225998817e+02 9.277753255352019779e-02
2.524387828293974962e+02 1.816137993820348697e+02 1.039229750606930069e-01
2.523568748620613462e+02 1.823142794085190985e+02 1.181582432134186678e-01
2.523381152063562070e+02 1.826852516000882929e+02 1.143787243434120499e-01
2.523565713970425861e+02 1.830075314500110437e+02 1.035367468549988901e-01
2.522661664091812099e+02 1.832089494592805181e+02 1.227929816817479591e-01
2.522146325314500075e+02 1.832383028029132674e+02 8.637717943058927095e-02
2.521603398808209988e+02 1.832223295078349281e+02 8.177002869123813078e-02
2.520880048554402890e+02 1.830642242330611396e+02 6.797616420216287536e-02
2.520159457073493741e+02 1.830350640035312324e+02 4.780953431913485124e-02
2.521607261090267116e+02 1.833035477819465768e+02 5.881703818141690437e-02
2.521956521739130324e+02 1.833866144338998083e+02 6.323107481792099305e-02
2.519738744206576939e+02 1.829745089384241794e+02 3.978150518649304496e-02
2.515574928271904582e+02 1.819423692341646301e+02 1.818031339660119289e-02
2.514363551092474154e+02 1.810749558596336328e+02 1.608364599426175337e-02
2.515071728095343246e+02 1.804505352019421878e+02 1.042816155374089691e-02
2.515565824321341779e+02 1.801915416022953025e+02 1.326969763849039988e-02
2.518080721694990132e+02 1.802576418009269617e+02 7.503862282056941203e-03
2.519337342749944924e+02 1.806883966011917835e+02 2.143566541602295178e-02
2.520074762745530847e+02 1.808765173250938005e+02 2.996027367027146240e-02
2.520176837342749820e+02 1.806087508276318658e+02 2.193224453762966306e-02
2.517934782608695627e+02 1.802807051423526730e+02 1.801478702273228913e-02
2.517091425733833603e+02 1.801030953431913417e+02 1.942176120061796588e-02
2.517452273228867909e+02 1.799803299492385804e+02 1.914588391083646077e-02
2.518192727874641434e+02 1.800142904436106903e+02 2.022180534098433000e-02
2.518338942838225591e+02 1.800735764731847155e+02 2.303575369675568349e-02
2.518635510924740686e+02 1.802114875303464885e+02 1.511807548002648376e-02
2.518816486426837287e+02 1.802270470094901782e+02 2.532553520194217450e-02
2.518635786802030339e+02 1.802450342087839203e+02 2.402891193996910257e-02
2.520214080776870560e+02 1.804273063341425711e+02 3.023615096005296751e-02
2.521412491723681342e+02 1.807048664753917535e+02 4.745089384241889252e-02
2.522198466122268883e+02 1.808146932244537766e+02 6.695541822997130854e-02
2.522225226219377703e+02 1.810107040388435280e+02 6.000331052747737842e-02
2.521331935555065229e+02 1.810755352019421878e+02 5.696866033988082223e-02
2.521810306775546167e+02 1.813044581770028572e+02 6.088611785477819616e-02
2.522060803354667939e+02 1.813564610461266966e+02 6.030677554623703474e-02
2.518802140807768808e+02 1.798060306775546167e+02 1.180754800264842246e-02
2.523315769145883962e+02 1.758847384683292887e+02 9.021187375855220167e-03
2.518343632752151962e+02 1.739884959170161096e+02 1.806996248068858807e-02
2.516085025380710647e+02 1.730357261090267116e+02 1.440079452659457152e-02
2.515004414036636433e+02 1.721909898477157412e+02 1.263517987199293778e-02
2.516617468549989098e+02 1.719919167954093950e+02 2.364268373427499612e-02
2.526414698741999700e+02 1.760240013242109853e+02 2.546347384683292706e-02
2.528126517325093801e+02 1.764115813286250329e+02 4.667843743103067961e-02
2.527269090708452950e+02 1.769432244537629799e+02 4.565769145883910585e-02
2.526020470094901782e+02 1.769497627455307907e+02 3.691238137276539599e-02
2.524526870448024738e+02 1.768080445817700195e+02 3.862282056941072905e-02
2.524988137276539533e+02 1.768704480247185984e+02 4.027808430809975970e-02
2.524329066431251363e+02 1.776588777311851572e+02 3.942286470977709317e-02
2.523960770249393022e+02 1.786053851246965394e+02 5.760317810637828606e-02
2.522999889649084082e+02 1.793912491723681342e+02 6.587949679982343931e-02
2.522611730302361650e+02 1.799717501655263732e+02 6.894173471639813977e-02
2.522152394614875277e+02 1.807375303465018703e+02 4.637497241227102329e-02
2.522133634959170081e+02 1.814451004193334711e+02 7.829397483999117613e-02
2.524010979916133408e+02 1.819788402118737451e+02 1.193445155594791418e-01
2.524058982564555151e+02 1.825346777753255481e+02 1.104336790995365247e-01
2.523889318031339712e+02 1.829400794526594609e+02 9.716398146104612832e-02
2.523819245199735235e+02 1.836192893401015169e+02 1.046954314720812129e-01
2.524443831383800614e+02 1.843345563893180383e+02 1.084749503420878447e-01
2.526376903553299371e+02 1.850927775325535265e+02 1.217998234385345435e-01
2.524154160229529964e+02 1.847646214963584157e+02 8.154932685941293502e-02
2.522909401898035640e+02 1.800737971750165514e+02 4.902339439417346956e-02
2.519152780843081132e+02 1.781927278746413492e+02 1.304899580666519544e-02
2.518311630986537182e+02 1.769796678437431012e+02 1.473184727433237730e-02
2.519681085853012519e+02 1.767244537629662204e+02 1.627676009710880486e-02
2.520620172147428946e+02 1.769757503862282135e+02 1.586294416243654720e-02
2.523481847274332495e+02 1.776167236813065529e+02 4.756124475833149734e-02
2.523445983226660871e+02 1.789660119178989248e+02 6.295519752813948100e-02
2.522461928934010018e+02 1.798120723902008251e+02 7.796292209225336167e-02
2.522082873537850389e+02 1.800875082763186867e+02 7.073493709997792644e-02
2.520807216949900749e+02 1.799867027146325427e+02 5.492716839549768165e-02
2.521304071948797230e+02 1.799400518649304672e+02 4.254027808430810298e-02
2.521677609799161246e+02 1.801480081659677808e+02 6.433458397704701348e-02
2.523933458397704612e+02 1.808162105495475487e+02 1.055782387993820376e-01
2.523365978812624064e+02 1.815213529022290970e+02 1.179651291105716232e-01
2.523584197748841405e+02 1.821208342529243112e+02 1.145166629883028059e-01
2.523703100860737152e+02 1.826683127344956858e+02 1.085577135290222844e-01
2.524076362833811515e+02 1.828750551754579590e+02 1.193996910174354442e-01
2.523609026704921519e+02 1.832930644449348847e+02 1.417457514897373649e-01
2.525203045685279051e+02 1.837859468108585190e+02 1.075921430147870200e-01
2.525457404546457667e+02 1.839433348046788694e+02 1.022125358640476739e-01
2.525334639152505076e+02 1.842250606930037407e+02 9.978481571397042338e-02
2.525572721253586508e+02 1.844534595012138709e+02 8.392187155153388312e-02
2.526128889869785894e+02 1.847698907525932555e+02 1.197859192231295472e-01
2.526541326418009135e+02 1.852520139042154028e+02 8.607371441182962157e-02
2.527435996468770725e+02 1.854988689031118838e+02 9.721915691900243073e-02
2.521128613992496241e+02 1.845048554403001617e+02 4.162988302802913404e-02
2.521853343632752171e+02 1.789065051864930354e+02 1.771132200397263282e-02
2.524238578680202920e+02 1.763607095563893097e+02 1.536636504082983939e-02
2.520596998455087316e+02 1.755493820348708880e+02 2.355992054734054250e-02
2.519714742882365783e+02 1.752134462591039608e+02 1.522842639593908684e-02
2.521213860075038724e+02 1.750377676009710797e+02 1.315934672257779679e-02
2.523753862282056843e+02 1.755023725446921219e+02 4.543698962701390315e-02
2.521053299492385804e+02 1.804099260648863492e+02 5.870668726550430649e-02
2.520963639373206888e+02 1.804788126241447799e+02 6.058265283601853984e-02
2.519991723681306439e+02 1.804816541602295388e+02 4.496799823438534655e-02
2.519804954756124573e+02 1.801475115868461785e+02 2.033215625689693135e-02
2.519810472301920186e+02 1.801109854336791045e+02 1.823548885455749183e-02
2.521358971529463702e+02 1.802891469874199970e+02 3.034650187596556886e-02
2.522767876848377853e+02 1.805650794526594609e+02 5.291326418009269228e-02
2.524361344074155795e+02 1.813416740233944040e+02 1.031781063782829383e-01
2.524030291326417910e+02 1.819612668285146810e+02 1.381317589935996404e-01
2.522721253586404657e+02 1.824962480688589608e+02 1.348488192451997303e-01
2.523635510924740686e+02 1.829465349812403474e+02 1.381317589935996404e-01
2.524973791657470770e+02 1.832624972412270949e+02 1.397042595453542313e-01
2.524063396601191869e+02 1.837571728095343246e+02 1.418561024056499698e-01
2.524654325755903699e+02 1.840409677775325576e+02 1.369454866475391663e-01
2.526153994703155945e+02 1.845475888324873210e+02 1.217722357095563923e-01
2.526107095563893097e+02 1.849362447583314975e+02 1.171374972412271009e-01
2.526506014124917101e+02 1.852564555285808865e+02 9.363275215184285738e-02
2.526883690134628182e+02 1.855984606047230159e+02 8.932906643125138046e-02
2.526703542264400824e+02 1.859981792098874394e+02 8.234937099977929220e-02
2.527745254910615813e+02 1.863260317810637900e+02 1.149028911939969089e-01
2.526160064003531147e+02 1.860551754579562953e+02 9.421209446038401880e-02
2.519151953211211605e+02 1.810123317148532465e+02 4.174023394394173192e-02
2.516313727653939623e+02 1.791608364599426295e+02 1.351798719929375378e-02
2.519986482012800764e+02 1.775787629662326310e+02 1.445596998455087219e-02
2.519513352460825502e+02 1.775856323107481671e+02 1.944934892959611708e-02
2.520826528360185250e+02 1.777712149635841854e+02 3.332597660560582958e-02
2.524017600971088200e+02 1.785761973074376385e+02 4.033325976605605517e-02
2.522175568307216906e+02 1.797711597881262549e+02 4.667843743103067961e-02
2.522645939086294504e+02 1.802138048995806798e+02 6.436217170602516469e-02
2.521875689693224558e+02 1.803983943941734651e+02 5.291326418009269228e-02
2.521057713529022237e+02 1.803335632310748053e+02 4.425071728095342910e-02
2.520238082101081432e+02 1.802823052306334262e+02 4.885786802030456927e-02
2.521729198852350464e+02 1.806310968881041674e+02 8.367358199073052227e-02
2.522422754358861141e+02 1.811475391745751438e+02 7.732840432575589784e-02
2.524203542264400824e+02 1.816385179871992932e+02 1.086128889869785868e-01
2.524622048112999266e+02 1.822903608474950374e+02 1.476771132200397352e-01
2.524968549988964810e+02 1.827540278084308056e+02 1.610019863164864340e-01
2.523889593908629365e+02 1.829795023173692243e+02 1.211928934010152309e-01
2.522059148090929170e+02 1.829746744647980563e+02 1.075645552858088688e-01
2.522259159126020620e+02 1.830359743985875127e+02 9.534319134848819044e-02
2.522155153387773225e+02 1.830516718163760856e+02 1.139373206797616445e-01
2.522016662988302755e+02 1.831352902229088500e+02 9.650187596557051328e-02
2.522957128669168014e+02 1.832548278525711680e+02 8.750827631869344259e-02
2.524492109909512294e+02 1.835691072610902665e+02 9.628117413374530364e-02
2.526523394394173465e+02 1.843901180754800180e+02 1.168064444934893004e-01
2.525861288898697978e+02 1.856631538291767924e+02 8.778415360847495463e-02
2.524898477157360333e+02 1.861870723902008251e+02 1.001158684617082378e-01
2.521867965129110587e+02 1.849132090046347514e+02 3.564334583977046833e-02
2.521298830280291270e+02 1.803881041712646152e+02 3.114654601633193645e-02
2.519590322224674424e+02 1.795178492606488589e+02 1.318693445155594800e-02
2.519142021628779560e+02 1.788291767821672806e+02 1.296623261973074356e-02
2.518256731405870710e+02 1.786676506290002067e+02 8.855661001986316408e-03
2.518751655263738769e+02 1.788653718825866292e+02 5.269256234826749132e-03
2.521782994923857757e+02 1.797437927609799146e+02 2.369785919223129506e-02
2.523217280953431896e+02 1.801238413153829185e+02 4.535422644007944953e-02
2.522025766938865559e+02 1.800366640918119572e+02 3.865040829838887332e-02
2.521007227984992198e+02 1.796149028911939922e+02 1.721474288236592501e-02
2.520532443169278167e+02 1.794458728757448682e+02 2.424961377179430527e-02
2.521590708452880278e+02 1.796056058265283468e+02 1.713197969543147139e-02
2.523254800264842288e+02 1.799270580445817700e+02 3.473295078349150633e-02
2.524380103729860991e+02 1.803900353122930937e+02 4.979585080556168941e-02
2.524247406753476071e+02 1.807888159346722716e+02 6.138269697638490396e-02
2.524340377400132525e+02 1.811694990068417610e+02 8.096998455087177360e-02
2.519907581107923136e+02 1.822711046126682959e+02 7.476274553078790866e-03
2.519280787905539682e+02 1.821796237033767341e+02 1.106267932023835728e-02
2.518792485102626415e+02 1.820786802030456784e+02 1.840101522842639559e-02
2.518126241447804148e+02 1.820279463694548667e+02 1.075921430147870270e-02
2.518387221363937272e+02 1.820817976164202037e+02 1.125579342308541224e-02
2.519773228867799730e+02 1.822040940189803564e+02 2.151842860295740539e-02
2.520982399028911800e+02 1.823733447362613163e+02 3.760207459721915529e-02
2.521994041050540716e+02 1.828028305009931671e+02 5.459611564775987413e-02
2.518401842860295687e+02 1.821257172809534381e+02 2.138048995806665284e-02
2.525632310748179350e+02 1.771609743985875127e+02 1.299382034870889477e-02
2.521766994041050509e+02 1.757034319134848772e+02 1.944934892959611708e-02
2.520001379386448832e+02 1.750737144118296271e+02 1.726991834032222395e-02
2.520438093136173165e+02 1.750306223791657487e+02 3.423637166188479158e-02
2.523312458618406424e+02 1.754475557272125457e+02 4.292650629000220597e-02
2.525521408077686942e+02 1.772752979474729500e+02 5.128558817038181283e-02
2.524962756565879545e+02 1.781536084749503459e+02 5.020966674023394360e-02
2.524540112557934322e+02 1.784107261090267116e+02 4.513352460825424683e-02
2.522980302361509644e+02 1.784206025160008835e+02 4.135400573824762893e-02
2.521196755683072297e+02 1.782438479364378736e+02 2.993268594129331120e-02
2.520539891856102486e+02 1.781033988082101018e+02 2.767049216508497139e-02
2.522602074597219257e+02 1.782511586846170815e+02 4.240233943941734696e-02
2.522732288677996166e+02 1.787630214080776909e+02 5.343743103067755129e-02
2.521374420657691360e+02 1.790735488854557502e+02 4.943721032884573069e-02
2.521484771573604178e+02 1.794999172368130758e+02 4.027808430809975970e-02
2.521613330390642318e+02 1.797179706466563687e+02 4.720260428161553862e-02
2.522519311410284786e+02 1.800848322666078047e+02 7.123151622158463425e-02
2.522321507393511411e+02 1.801883690134628182e+02 7.719046568086515570e-02
2.521853067755462234e+02 1.801449183403222207e+02 6.858309423968218799e-02
2.522526760097108820e+02 1.802177775325535265e+02 7.484550871772235880e-02
2.522910781284484756e+02 1.804647980578238844e+02 6.717612006179651818e-02
2.523804899580666472e+02 1.806667126462149611e+02 9.515007724564113201e-02
2.523340873979254013e+02 1.806763959390862908e+02 7.252813948355771312e-02
2.520792043698962743e+02 1.802353233281836253e+02 6.061024056499669105e-02
2.522526760097108820e+02 1.754984550871772342e+02 4.469212094460384144e-02
2.523758552195983214e+02 1.722242330611344130e+02 4.405760317810637761e-02
2.520240289119399790e+02 1.711120337673802680e+02 4.844405208563230814e-02
2.520061796512910917e+02 1.709725502096667356e+02 5.098212315162215652e-02
2.522605661001986448e+02 1.713566265725005451e+02 5.994813506952107601e-02
2.521339935996468853e+02 1.769729088501434546e+02 6.052747737806223743e-02
2.523187210328845822e+02 1.778393566541602411e+02 5.225115868461708418e-02
2.523561851688369018e+02 1.784401622158463852e+02 6.982454204369896444e-02
2.522700838666960976e+02 1.784127951887000734e+02 4.940962259986757948e-02
2.521545464577355915e+02 1.782833259766055960e+02 3.953321562568969105e-02
2.522493378945045208e+02 1.782813672478481521e+02 3.638821452218053698e-02
2.523222246744647919e+02 1.784199955859633633e+02 4.631979695431472088e-02
2.524573217832707996e+02 1.788294802471860407e+02 5.823769587287574295e-02
2.523239902891193935e+02 1.796877620834252980e+02 8.637717943058927095e-02
2.522275987640697394e+02 1.805887773118516861e+02 8.405981019642462526e-02
2.522091425733833603e+02 1.812171706025160063e+02 8.930147870227322926e-02
2.521807272125358566e+02 1.814231957625248413e+02 5.807216949900684266e-02
2.522053078790553968e+02 1.815345950121385954e+02 8.226660781284485247e-02
2.522409512248951557e+02 1.816418009269476954e+02 8.731516221584639803e-02
2.521635124696535115e+02 1.815615206356212639e+02 8.687375855219597875e-02
2.521462977267711381e+02 1.814959446038402007e+02 7.294195541822996731e-02
2.522273780622379036e+02 1.816947969543147110e+02 6.171374972412271148e-02
2.522553244316927703e+02 1.818000717280953324e+02 6.292760979916132980e-02
2.521837342749944924e+02 1.817050044140366367e+02 5.804458177002869146e-02
2.518936493047892213e+02 1.786288071065989982e+02 1.128338115206356171e-02
2.525873427499448383e+02 1.747957956301037257e+02 3.746413595232840621e-02
2.522356819686603444e+02 1.732522621937762040e+02 1.644228647097770862e-02
2.522550209666740102e+02 1.720225943500331027e+02 2.833259766056058296e-02
2.523733999117192752e+02 1.722292816155374169e+02 3.122930920326638660e-02
2.522816707128669123e+02 1.766283381152063612e+02 3.975391745751490069e-02
2.526459942617523780e+02 1.840746248068859074e+02 6.485875082763187249e-02
2.526927002869123839e+02 1.865513407636283318e+02 1.171099095122489497e-01
2.528882145221805331e+02 1.878516056058265349e+02 1.001710439196645264e-01
2.523094239682189368e+02 1.899178989185610362e+02 4.954756124475832857e-02
2.522475171043919602e+02 1.917875744868682375e+02 3.172588832487309440e-02
2.522771187375855106e+02 1.923555230633414226e+02 4.146435665416022681e-02
2.523572059148091000e+02 1.930042209225336478e+02 3.329838887662767838e-02
2.523717998234385220e+02 1.935496854998896481e+02 4.014014566320900368e-02
2.522626903553299371e+02 1.948551092474067445e+02 4.789229750606929792e-02
2.522393235488854657e+02 1.955377676009710797e+02 4.502317369234164895e-02
2.523460604723019287e+02 1.961663815934672357e+02 5.724453762966232734e-02
2.524077742220260347e+02 1.966166409181196286e+02 5.363054513352460972e-02
2.523700893842418793e+02 1.969237475171044025e+02 4.314720812182740867e-02
2.524523284043257547e+02 1.973981461046126640e+02 5.732730081659678095e-02
2.526323107481792078e+02 1.978579783712204687e+02 5.401677333921871271e-02
2.525751213860075097e+02 1.983877455307878961e+02 3.180865151180754802e-02
2.527140807768704462e+02 1.987843743103067879e+02 2.347715736040609236e-02
2.528976219377620964e+02 1.992039836680644385e+02 5.048554403001544871e-02
2.529024222026042708e+02 1.993651235930258281e+02 3.244316927830501185e-02
2.527415581549326760e+02 1.990915360847494924e+02 1.332487309644670055e-02
2.523424740675347664e+02 1.967006455528580773e+02 3.779518870006621373e-02
2.521050540719487856e+02 1.962657525932465319e+02 9.986757890090488046e-03
2.521040609137055810e+02 1.961646987419995583e+02 8.524608254248510625e-03
2.521793202383579739e+02 1.962035422644007951e+02 8.883248730964467613e-03
2.522440686382697095e+02 1.966900794526594609e+02 4.220922533657029373e-03
2.525120834252924169e+02 1.976730854116089233e+02 1.875965570514235301e-03
2.528426395939086433e+02 1.984089604943721099e+02 2.778084308099757274e-02
2.528012028249834486e+02 1.988241558154932704e+02 9.959170161112336842e-03
2.527559313617302905e+02 1.989414312513793845e+02 6.014124917236813445e-03
2.528083480467887796e+02 1.990973570955638934e+02 6.648642683734274673e-03
2.528351633193555585e+02 1.994007669388655870e+02 6.014124917236813445e-03
2.529450728316045058e+02 2.000942120944603744e+02 5.379607150739351348e-03
2.528268042374751587e+02 2.006730302361509644e+02 6.069300375193114336e-04
2.526894173471639817e+02 2.012776980798940656e+02 1.655263738689031084e-04
2.526132752151842737e+02 2.018759655705142393e+02 1.379386448907525813e-04
2.525923913043478137e+02 2.025088004855440431e+02 1.103509159126020813e-04
2.524688810417126490e+02 2.030126903553299371e+02 2.758772897815051626e-04
2.524709225336570171e+02 2.034181747958508026e+02 3.034650187596557168e-04
2.523403222246744519e+02 2.038024718605164480e+02 5.517545795630104065e-05
2.522803740896049476e+02 2.040806389318031222e+02 4.138159346722577710e-04
2.520264290443610662e+02 2.047968991392628482e+02 1.064886338556609961e-02
2.519658739792540416e+02 2.052405374089605061e+02 1.315934672257779679e-02
2.519737916574707697e+02 2.053522952990509793e+02 1.346281174133745311e-02
2.515559479143676924e+02 2.047166188479364450e+02 1.738026925623482747e-03
2.513980081659677808e+02 2.037524553078790461e+02 0.000000000000000000e+00
2.514750882807327343e+02 2.031898863385566187e+02 0.000000000000000000e+00
2.515176561465460168e+02 2.030303189141469886e+02 0.000000000000000000e+00
2.515354502317369167e+02 2.030366365040829919e+02 0.000000000000000000e+00
