2.524773624475697034e+02 2.310845669874167356e+02 0.000000000000000000e+00
2.537562607944732349e+02 1.777487971872686785e+02 1.058721934369602824e+00
2.536702134221564222e+02 1.778946459412780712e+02 1.117721440907969432e+00
2.537536701208981071e+02 1.782267147791759214e+02 1.093110041944238775e+00
2.530569331359486682e+02 1.795888230940044537e+02 5.836725882062669957e-01
2.527343325931408913e+02 1.803847767086109002e+02 3.080742659758203827e-01
2.524015852454971593e+02 1.807647730076486425e+02 1.456020231926967723e-01
2.520909203059462129e+02 1.778179743399950610e+02 1.091783863804589132e-02
2.525508265482358752e+02 1.725866025166543238e+02 2.337774488033555337e-02
2.521666975080187569e+02 1.715357759684184487e+02 1.835060449050086515e-02
2.522880582284727495e+02 1.717780347890451651e+02 1.159634838391315065e-02
2.525623303725635367e+02 1.724169750801875125e+02 2.155810510732790453e-02
2.522248334566987467e+02 1.784236059708857738e+02 1.178139649642240272e-02
2.521863742906488994e+02 1.790677276091783767e+02 2.519738465334320221e-02
2.522731001727115654e+02 1.804976252158894567e+02 4.552183567727609292e-02
2.523182210708117452e+02 1.814454416481618466e+02 3.611522329138909526e-02
2.522929003207500500e+02 1.815194608931655580e+02 3.839748334566987081e-02
2.522062052800394838e+02 1.814381014063656608e+02 3.697878114976560493e-02
2.521771218850234391e+02 1.814400752528990779e+02 3.886010362694300446e-02
2.522460831482852086e+02 1.817743955094991293e+02 5.128916851714779290e-02
2.523258080434246153e+02 1.823387614113002826e+02 5.936960276338514725e-02
2.524135825314581894e+02 1.830845361460646359e+02 5.307796693807056293e-02
2.524808475203552973e+02 1.837390821613619494e+02 4.246854182087343027e-02
2.525499321490254090e+02 1.841890266469281983e+02 3.303108808290155379e-02
2.526159943251912239e+02 1.847370157907722614e+02 4.542931162102146342e-02
2.525801258327165044e+02 1.849380397236614897e+02 4.583024919812484638e-02
2.526570441648161989e+02 1.850562546262028150e+02 5.619294349864298321e-02
2.527076239822353898e+02 1.853179434986429897e+02 5.798174191956575324e-02
2.527573094004441145e+02 1.854412163829262283e+02 7.735011102886750478e-02
2.526578151986182945e+02 1.853990870959782740e+02 5.144337527757216616e-02
2.526513076733284038e+02 1.854607698001480287e+02 5.458919319022945832e-02
2.526796200345423244e+02 1.855343572662225426e+02 5.754996299037749841e-02
2.528679064890204700e+02 1.860303787318036086e+02 5.668640513200098874e-02
2.528479212928694722e+02 1.862501850481125132e+02 5.659388107574635923e-02
2.524475388601036343e+02 1.855732482112015873e+02 2.846656797433999575e-02
2.521177214409079568e+02 1.801895817912657378e+02 5.338638045891931638e-02
2.517276091783863876e+02 1.791302430298544266e+02 1.517394522575869764e-02
2.516680545275104919e+02 1.789529669380705741e+02 1.434122871946706158e-02
2.518527325437947297e+02 1.792088884776708539e+02 2.954601529731063284e-02
2.521430421909696520e+02 1.798054835924006909e+02 2.772637552430298399e-02
2.523113126079447284e+02 1.801859116703676307e+02 4.407229212928694823e-02
2.522947816432272532e+02 1.802137614113002826e+02 3.290772267456205241e-02
2.522106155933876153e+02 1.801428263015050675e+02 2.081791265729089624e-02
2.519238835430545294e+02 1.797103071798667600e+02 1.514310387367382230e-02
2.516318159388107460e+02 1.793144892672094670e+02 1.233654083395016067e-02
2.516069578090303480e+02 1.791410066617320638e+02 1.366271897359980225e-02
2.517287811497656094e+02 1.792258512213175550e+02 1.245990624228966205e-02
2.519152171231186799e+02 1.794562361213915551e+02 1.748704663212435201e-02
2.521848630643967510e+02 1.801739143844066007e+02 3.815075252899086805e-02
2.522885208487540183e+02 1.811922958302492077e+02 8.549222797927460982e-02
2.522746113989637422e+02 1.818169874167283524e+02 1.134653343202566000e-01
2.521913397483345705e+02 1.818646989884036600e+02 9.289415247964470657e-02
2.522035529237601850e+02 1.819950037009622577e+02 7.383419689119170848e-02
2.523295398470268935e+02 1.821782630150505895e+02 1.060017271157167595e-01
2.523706513693560396e+02 1.824719343696027636e+02 9.255489760671108124e-02
2.523260239328892283e+02 1.826404515173945242e+02 1.110905502097211950e-01
2.524023562792992834e+02 1.827998704663212379e+02 1.315075252899087221e-01
2.524683876141129986e+02 1.831243831729582894e+02 1.161485319516407655e-01
2.524381322477177321e+02 1.833887860843819340e+02 1.295953614606464299e-01
2.524304835924006909e+02 1.837999013076733377e+02 9.095114729829756328e-02
2.523499876634591601e+02 1.852093202566000514e+02 1.739452257586972597e-02
2.517122501850481058e+02 1.830512891685171439e+02 6.723414754502837418e-03
2.524401677769553487e+02 1.780951455711818312e+02 3.253762644954354827e-02
2.519230199851961629e+02 1.774393042190969538e+02 5.921539600296076705e-03
2.518051443375277643e+02 1.771451085615593399e+02 3.053293856402664822e-03
2.518582839871700116e+02 1.771782630150505895e+02 1.104120404638539270e-02
2.521332346410066521e+02 1.775016654330125903e+02 2.797310634098199023e-02
2.524384098198865161e+02 1.782321428571428612e+02 3.728719467061435838e-02
2.523356464347396866e+02 1.787874722427831102e+02 4.641623488773748141e-02
2.522577103380212122e+02 1.787202689365901733e+02 4.037132987910189985e-02
2.520267394522575728e+02 1.783713298791018929e+02 2.809647174932149161e-02
2.518993029854428869e+02 1.780886072045398407e+02 2.050949913644214279e-02
2.517941956575376139e+02 1.778116210214655837e+02 1.575993091537132920e-02
2.518326239822353898e+02 1.778374660745127187e+02 1.505057981741919626e-02
2.521061867752282240e+02 1.781750555144337511e+02 3.145817912657290771e-02
2.523512830002467240e+02 1.786574759437453679e+02 5.680977054034049012e-02
2.524317480878361835e+02 1.790543116210214691e+02 3.509745867258820540e-02
2.522626449543548119e+02 1.796095176412534045e+02 3.204416481618554274e-02
2.523162780656303994e+02 1.799497285961016644e+02 2.396373056994818493e-02
2.523531026400197277e+02 1.804308228472736175e+02 6.091167036762891451e-02
2.524163890944979016e+02 1.808006106587712907e+02 6.384159881569208272e-02
2.524245003700962116e+02 1.811194177152726468e+02 8.234641006661731766e-02
2.524283555391068319e+02 1.812851283000246667e+02 1.014063656550703157e-01
2.523800888230940132e+02 1.816056316308906844e+02 8.641746854182087711e-02
2.524077843572662232e+02 1.819231741919565764e+02 9.619417715272637892e-02
2.524668763878608502e+02 1.823242042931161961e+02 1.250925240562546226e-01
2.520883604737231565e+02 1.818042499383172981e+02 5.819763138415988413e-02
2.523780532938563965e+02 1.773693868739205470e+02 4.092647421662965607e-02
2.520768874907475947e+02 1.758666111522329061e+02 2.948433259314088214e-02
2.520487293362941159e+02 1.753034172218110029e+02 2.303849000740192457e-02
2.522211633358006395e+02 1.754954663212435264e+02 4.129657044164816021e-02
2.524601838144584178e+02 1.764496669133974933e+02 3.275351591413767915e-02
2.525577658524549634e+02 1.774657352578336997e+02 7.994078460399703379e-02
2.523619849494201901e+02 1.790070318282753590e+02 5.782753515914137998e-02
2.521987416728349274e+02 1.791802677029361064e+02 5.230693313594868277e-02
2.520864791512459817e+02 1.790182272390821652e+02 4.268443128546755422e-02
2.519597211941771491e+02 1.789460276338514575e+02 3.448063163089069849e-02
2.519830989390574985e+02 1.789824821120157878e+02 2.498149518874907479e-02
2.520550209721194221e+02 1.792309708857636394e+02 3.420305946212681691e-02
2.521624414014310389e+02 1.794859980261534531e+02 2.633851468048359346e-02
2.523208734270910441e+02 1.799170984455958546e+02 4.647791759190723210e-02
2.523082593140883318e+02 1.806075129533678876e+02 6.806686405132000850e-02
2.524954663212435264e+02 1.811111830742659663e+02 1.282075006168270359e-01
2.524411855415741286e+02 1.814270293609671967e+02 1.083456698741672858e-01
2.525071551936837011e+02 1.816038428324697804e+02 1.248149518874907410e-01
2.523709289415247952e+02 1.819697137922526622e+02 9.212311867752281946e-02
2.523960029607698061e+02 1.821851097952134353e+02 1.044596595114729853e-01
2.525148655317049133e+02 1.823816925734024039e+02 1.125709351097952116e-01
2.524975326918332144e+02 1.826196644460893026e+02 7.753515914137676379e-02
2.525354058721934507e+02 1.830301628423389957e+02 8.635578583765111949e-02
2.525030841352084963e+02 1.835629780409573186e+02 8.271650629163582180e-02
2.520252899087095955e+02 1.829079694053787364e+02 5.403404885270170210e-02
2.519381014063656608e+02 1.774201517394522511e+02 2.368615840118430682e-02
2.518894954354798870e+02 1.757225820379965455e+02 5.397236614853194968e-03
2.516749321490254090e+02 1.753102023192696777e+02 1.134961756723414789e-02
2.520762706637058841e+02 1.754344004441154823e+02 2.001603750308413379e-02
2.523132864544781739e+02 1.759451023932889200e+02 4.302368615840118649e-02
2.525835492227979273e+02 1.771039045151739515e+02 7.540710584752036150e-02
2.522244325191216490e+02 1.782947199605230821e+02 4.943868739205526525e-02
2.521888724401677848e+02 1.786975080187515346e+02 2.929928448063163007e-02
2.520302862077473378e+02 1.789160189982728753e+02 1.255243029854428809e-02
2.519058105107327776e+02 1.787622440167776858e+02 9.684184554650875770e-03
2.519264742166296571e+02 1.786988341968911982e+02 7.525289908709598130e-03
2.519451949173451624e+02 1.787503700962250264e+02 8.234641006661732807e-03
2.520580125832716476e+02 1.790459536146064750e+02 1.856649395509499256e-02
2.523803047125585977e+02 1.796881322477177321e+02 4.237601776461880076e-02
2.524929990130767408e+02 1.802462065136935507e+02 6.365655070318282371e-02
2.524207685664939618e+02 1.803284912410560139e+02 6.100419442388354402e-02
2.522597150259067291e+02 1.800564396743153281e+02 4.530594621268196204e-02
2.520952380952381020e+02 1.799329509005674765e+02 5.008635578583765097e-02
2.520728781149765609e+02 1.797152417962003312e+02 2.606094251171971535e-02
2.519204909943251778e+02 1.796158092770787107e+02 2.044781643227239210e-02
2.518467493214902504e+02 1.794932149025413253e+02 2.041697508018751675e-02
2.519327041697507923e+02 1.797076239822353898e+02 2.655440414507772087e-02
2.520477424130273789e+02 1.799937700468788648e+02 4.521342215642733947e-02
2.522456513693560396e+02 1.803784542314334942e+02 8.333333333333332871e-02
2.524226190476190368e+02 1.807238465334320381e+02 8.783617073772513606e-02
2.519027572168763811e+02 1.795801566740686042e+02 2.195904268443128401e-02
2.525247656057241556e+02 1.740609425117197020e+02 7.657907722674561768e-02
2.519235751295336740e+02 1.705456760424376910e+02 4.589193190229459707e-02
2.519965457685665058e+02 1.702698001480384846e+02 5.606957809030348183e-02
2.521997285961016644e+02 1.705933876141129986e+02 5.307796693807056293e-02
2.526255243029854398e+02 1.758832037996545807e+02 4.897606711078213854e-02
2.522512336540833928e+02 1.831887490747594427e+02 1.180915371329879088e-01
2.529112385886997174e+02 1.864879410313348274e+02 4.478164322723908464e-02
2.525408956328645331e+02 1.879720268936590060e+02 3.827411793733036943e-02
2.525756229953121021e+02 1.898341352084875382e+02 4.561435973353071549e-02
2.523331174438687299e+02 1.912384653343202672e+02 2.402541327411793562e-02
2.522367073772514061e+02 1.915206328645447797e+02 2.337774488033555337e-02
2.521216074512706768e+02 1.922762151492721330e+02 1.677769553417221907e-02
2.520699481865285065e+02 1.932780039476930654e+02 2.038613372810264140e-02
2.521657105847520484e+02 1.945324451023932966e+02 4.034048852701702104e-02
2.524255181347150199e+02 1.956813163089069860e+02 5.261534665679743622e-02
2.524294966691339823e+02 1.964923821860350301e+02 3.198248211201579205e-02
2.524839933382679362e+02 1.970658771280533017e+02 2.004687885516900914e-02
2.525024673081667856e+02 1.974344929681717247e+02 4.179003207500616573e-02
2.526617012089810146e+02 1.978995188749074714e+02 3.836664199358499894e-02
2.527514803849000771e+02 1.982639094497902761e+02 1.899827288428324740e-02
2.527907105847520484e+02 1.984782260054280698e+02 9.745867258820626461e-03
2.527670861090550147e+02 1.986389094497902761e+02 1.101036269430051735e-02
2.527607944732297085e+02 1.989537379718726982e+02 1.329262274858129811e-02
2.528039415247964428e+02 1.991105662472242841e+02 7.987910189982728310e-03
2.528637120651369230e+02 1.991663890944979016e+02 1.116456945472489581e-02
2.524531828275351586e+02 1.982618430792005881e+02 4.317789291882556148e-03
2.521355169010609529e+02 1.944005674808783510e+02 7.679496669133974857e-03
2.517724216629657121e+02 1.939543239575623090e+02 0.000000000000000000e+00
2.518068097705403545e+02 1.939855045645201130e+02 0.000000000000000000e+00
2.520536022699235161e+02 1.943654700222057841e+02 1.850481125092523970e-03
2.523544905008635624e+02 1.954319022945965969e+02 6.476683937823833788e-03
2.525041635825314472e+02 1.970200160375030976e+02 5.952380952380952051e-03
2.528085368862570874e+02 1.978341660498396379e+02 4.740315815445349246e-02
2.527853441894892796e+02 1.983123920552677077e+02 3.441894892672094780e-02
2.527169689119170926e+02 1.984850727855909156e+02 2.667776955341722225e-02
2.527409943251912239e+02 1.988474895139403031e+02 1.859733530717986791e-02
2.528568652849741056e+02 1.997714964224031462e+02 5.027140389834689957e-03
2.529867690599555772e+02 2.003273809523809632e+02 1.542067604243769975e-04
2.527335307179866675e+02 2.011709844559585463e+02 1.480384900074019176e-03
2.526699050086355669e+02 2.014904083395016130e+02 1.850481125092523970e-04
2.525135701949173495e+02 2.024190106094251291e+02 5.551443375277571911e-04
2.525124599062422988e+02 2.029991981248458046e+02 7.278559092030594500e-03
2.515574574389341365e+02 2.048118369109301682e+02 0.000000000000000000e+00
2.516330804342462386e+02 2.049564211695040683e+02 3.084135208487539951e-04
2.516730199851961629e+02 2.049963607204539926e+02 3.639279546015297250e-03
2.517658832963237217e+02 2.050974895139403031e+02 5.613126079447323252e-03
2.518105107327905330e+02 2.052496915864791447e+02 6.754256106587712763e-03
2.519308228472736175e+02 2.054971625956081880e+02 1.418702195904268486e-02
2.521034110535405830e+02 2.063029237601776344e+02 1.711695040710584786e-02
2.520962867012089816e+02 2.063039106834443714e+02 1.480384900074019176e-02
2.518164322723908128e+02 2.057541327411793759e+02 5.273871206513693587e-03
2.515558845299777886e+02 2.052754749568221087e+02 1.665433012583271682e-03
2.515378423390081366e+02 2.050599247471009221e+02 4.934616333580063921e-04
2.515412965704416592e+02 2.050607883049592886e+02 3.392548729336293946e-04
2.516194793979768178e+02 2.051697508018751535e+02 1.079447322970639037e-03
2.517551196644460845e+02 2.053723784850727725e+02 1.696274364668147027e-03
2.519613557858376396e+02 2.059929681717246410e+02 4.040217123118677173e-03
2.520935726622255117e+02 2.062878114976560653e+02 1.258327165062916343e-02
2.522002528990871042e+02 2.065805884529977732e+02 2.825067850974586833e-02
2.522163212435233106e+02 2.066608068097705484e+02 3.407969405378731553e-02
2.522799469528744112e+02 2.068294164816185514e+02 4.413397483345669892e-02
2.523801813471502555e+02 2.071647853441894824e+02 4.049469528744140123e-02
2.527869787811497702e+02 2.085457068837897907e+02 1.720947446336047390e-02
2.528972366148531989e+02 2.089389341228719559e+02 8.666419935849987641e-03
2.528703737971872556e+02 2.092817974339995146e+02 9.961756723414753878e-03
2.529652109548482599e+02 2.095771033802121792e+02 8.758943992104613677e-03
2.528036947939797585e+02 2.103478596101653011e+02 6.538366641993585346e-03
2.526223168023686299e+02 2.110149888971132555e+02 4.225265235627930112e-03
2.525076178139649699e+02 2.114258265482358752e+02 4.595361460646435123e-03
2.525189674315321895e+02 2.117400382432765866e+02 3.855169010609425101e-03
2.525627621514927341e+02 2.119960214655810375e+02 4.687885516901061159e-03
2.525556377991611043e+02 2.122005613126079311e+02 3.084135208487540167e-03
2.525680051813471607e+02 2.123559092030594684e+02 2.467308166790031961e-03
2.525996175672341337e+02 2.125848137182334199e+02 3.022452504317789477e-03
2.524298976067110800e+02 2.123826794966691409e+02 2.806563039723661626e-03
2.518842832469775601e+02 2.114909634838391241e+02 0.000000000000000000e+00
2.520449358499876666e+02 2.071969220330619237e+02 3.133481371823340633e-02
2.518206575376264595e+02 2.069070133234640991e+02 2.155810510732790453e-02
2.517259129040217260e+02 2.067148100172711622e+02 1.406365655070318348e-02
2.516690106094251291e+02 2.066677769553417363e+02 1.218233407352578394e-02
2.517177707870713164e+02 2.067185109795213407e+02 1.492721440907969488e-02
2.518097705403404802e+02 2.068137182334073430e+02 2.044781643227239210e-02
2.520373180360226968e+02 2.070941894892672224e+02 1.572908956328645386e-02
2.523148285220824221e+02 2.076174438687392012e+02 1.440291142363681227e-02
2.525600172711571645e+02 2.079877251418702144e+02 1.289168517147791689e-02
2.525914754502837525e+02 2.080312731310140748e+02 1.344682950900567484e-02
2.526517394522575728e+02 2.082711571675302196e+02 1.122625215889464650e-02
2.527671786331112855e+02 2.085591845546508694e+02 1.264495435479891412e-02
2.527733469035282496e+02 2.093680915371329831e+02 8.080434246237354345e-03
2.528371576609918634e+02 2.099402294596595198e+02 5.150505798174192205e-03
2.526913397483345705e+02 2.105527387120651497e+02 3.515914137675795869e-03
2.525215889464594170e+02 2.110993708364174779e+02 9.869232667160127842e-04
2.525619294349864390e+02 2.112745497162595711e+02 1.850481125092523970e-03
2.525852763385146886e+02 2.115731556871453165e+02 7.000986923266716393e-03
2.526357944732297085e+02 2.117124660745127187e+02 7.617813964964224166e-03
2.526644769306686271e+02 2.119704848260547863e+02 9.838391315075252497e-03
2.525679434986429897e+02 2.122696459412780712e+02 8.049592894152479000e-03
2.526307673328398664e+02 2.124648408586232335e+02 7.864544781643226928e-03
2.526938995805575985e+02 2.125913829262274817e+02 4.657044164816185813e-03
2.527063594867998972e+02 2.127648963730569847e+02 2.282260054280779455e-03
2.527133913150752562e+02 2.128835738958796071e+02 2.035529237601776259e-03
2.527315568714532503e+02 2.129037132987910184e+02 1.449543547989143831e-03
2.522801936836910954e+02 2.123502652356279441e+02 0.000000000000000000e+00
2.523428633111275587e+02 2.124494510239328804e+02 7.401924500370095882e-04
2.524067357512953436e+02 2.125098692326671710e+02 9.869232667160127842e-04
2.523573587466074457e+02 2.124476622255119764e+02 7.401924500370095882e-04
2.527896928201332400e+02 2.089593819393042224e+02 9.560819146311374389e-03
2.517423205033308591e+02 2.059023562792992834e+02 1.141130027140389728e-03
2.517446336047372313e+02 2.056689797680730294e+02 2.960769800148038353e-03
2.517504934616333685e+02 2.057941648161855426e+02 4.934616333580063921e-03
2.517487355045645074e+02 2.058415988156920662e+02 7.772020725388600892e-03
2.526130027140389700e+02 2.080809277078706998e+02 6.168270416975080335e-03
2.527176165803108745e+02 2.083415988156920662e+02 1.406365655070318348e-02
2.528148285220824221e+02 2.088697878114976447e+02 1.144214162348877392e-02
2.528528867505551432e+02 2.090711201579077283e+02 6.785097458672588108e-03
2.528702504317789419e+02 2.091457253886010221e+02 7.216876387860843810e-03
2.528571120157907615e+02 2.092202997779422731e+02 9.005674808783616439e-03
2.528709597828768949e+02 2.093316062176165815e+02 8.666419935849987641e-03
2.528115901801134839e+02 2.098008573895879465e+02 4.718726868985936504e-03
2.527524673081667856e+02 2.104642857142857224e+02 8.018751542067603872e-04
2.526142055267702915e+02 2.114237293362941159e+02 9.252405625462619852e-04
2.525268628176659149e+02 2.118888169257340337e+02 6.168270416975079901e-05
2.525041635825314472e+02 2.121000185048112598e+02 2.775721687638785956e-04
2.525726622255119764e+02 2.124566987416728239e+02 6.168270416975079901e-05
2.525878978534418877e+02 2.127464224031581637e+02 1.233654083395015980e-04
2.525733715766099294e+02 2.129361892425363862e+02 0.000000000000000000e+00
2.526390328151986182e+02 2.130912904021712393e+02 1.171971379225265290e-03
2.524896064643473892e+02 2.129085553910683473e+02 5.243029854428818458e-04
2.524881260794473121e+02 2.128853626943005111e+02 5.551443375277571911e-04
2.525028990870959831e+02 2.129000123365408399e+02 5.551443375277571911e-04
2.525690229459659406e+02 2.129571305206020213e+02 4.934616333580063921e-04
2.526250308413520713e+02 2.130211571675302196e+02 4.934616333580063921e-04
2.526197878114976447e+02 2.130180113496175807e+02 5.551443375277571911e-04
2.526523871206513832e+02 2.130506106587712907e+02 5.859856896126326448e-04
2.526805452751048620e+02 2.130787688132247695e+02 6.168270416975079901e-04
2.527061435973353127e+02 2.131137429064890227e+02 6.168270416975079901e-04
2.527194053787318069e+02 2.131289785344189625e+02 6.476683937823834438e-04
2.521867135455218261e+02 2.119351714779175779e+02 0.000000000000000000e+00
2.519034357266222628e+02 2.105865099925980815e+02 0.000000000000000000e+00
2.518842832469775601e+02 2.099354798914384332e+02 2.498149518874907306e-03
2.519516407599309105e+02 2.096095484826054758e+02 8.327165062916358409e-04
2.519665371329879235e+02 2.097003145817912753e+02 1.233654083395015980e-03
2.521042437700468781e+02 2.098631877621514832e+02 1.449543547989143831e-03
2.522507710338021241e+02 2.100395694547248979e+02 2.868245743893412317e-03
2.523423390081421189e+02 2.102812731310140748e+02 3.330866025166543364e-03
2.523468110041944215e+02 2.104495743893412225e+02 3.700962250185047941e-03
2.523598877374784024e+02 2.104627744880335456e+02 3.824327658524549756e-03
2.523395324451024067e+02 2.105242104613866161e+02 4.687885516901061159e-03
2.523407352578336997e+02 2.105412040463853884e+02 3.053293856402664822e-03
2.523566185541574214e+02 2.105561004194424015e+02 2.652356279299284466e-03
2.524319948186528393e+02 2.106943930421909670e+02 2.528990870959783085e-03
2.524461201579077283e+02 2.108936898593634339e+02 3.392548729336294054e-03
2.524943868739205470e+02 2.110763323464100552e+02 5.057981741919566170e-03
2.525058598568961372e+02 2.112696459412780712e+02 3.454231433506044745e-03
2.525487293362941159e+02 2.114045460152973135e+02 4.996299037749814612e-03
2.525728164322723899e+02 2.116579077226745653e+02 4.626202812731310468e-03
2.525422834937083678e+02 2.118357389587959574e+02 2.621514927214409121e-03
2.525935726622255117e+02 2.119696829509005624e+02 2.189735998026153419e-03
2.525720762398223656e+02 2.120789847026893540e+02 2.590673575129533775e-03
2.525976437207007166e+02 2.121509375771033774e+02 3.207500616827041549e-03
2.526219775474956748e+02 2.122535467554897650e+02 4.009375771033801827e-03
2.526412225511966483e+02 2.123019059955588546e+02 4.441154700222057529e-03
2.522668393782383305e+02 2.126083148285220830e+02 0.000000000000000000e+00
2.523122070071551946e+02 2.126729274611398921e+02 1.233654083395015980e-04
2.523327165062916322e+02 2.127052800394769179e+02 0.000000000000000000e+00
2.523822785590920432e+02 2.127575561312607988e+02 2.158894645941277965e-04
2.524028497409326519e+02 2.127506168270417106e+02 3.084135208487539951e-05
2.524048544288181688e+02 2.107937021959042738e+02 0.000000000000000000e+00
2.522118184061189368e+02 2.099800148038490022e+02 0.000000000000000000e+00
2.521676227485812944e+02 2.092005613126079311e+02 5.952380952380952051e-03
2.522864236368122306e+02 2.091747779422649955e+02 4.811250925240562540e-03
2.524154638539353641e+02 2.093289230199851829e+02 6.322477177399457061e-03
2.525054589193190111e+02 2.094945410806809889e+02 2.128053293856402729e-03
2.526117382186035059e+02 2.097897545028374111e+02 2.436466814705156615e-03
2.527098754009375909e+02 2.099644399210461359e+02 3.084135208487540167e-03
2.527528990870959831e+02 2.100234394275844920e+02 1.727115716753022372e-03
2.527656982482112085e+02 2.100461078213668884e+02 2.158894645941278074e-03
2.527531766592647386e+02 2.100571490254132812e+02 1.912163829262274878e-03
2.527803170490994376e+02 2.101672526523562681e+02 6.785097458672587891e-04
2.528311435973353127e+02 2.102993461633357981e+02 1.511226252158894738e-03
2.528014125339254861e+02 2.105499013076733377e+02 4.626202812731310468e-03
2.527152417962003312e+02 2.110036701208981071e+02 8.388847767086109533e-03
2.526047063903281469e+02 2.114506229953121021e+02 1.039353565260301045e-02
2.526026400197384589e+02 2.119137058968665315e+02 8.635578583765112295e-03
2.526461263261781482e+02 2.120239945719220316e+02 1.193560325684677945e-02
2.526505983222304508e+02 2.121611460646434750e+02 1.193560325684677945e-02
2.526425487293362835e+02 2.122610103626942930e+02 1.273747841105354016e-02
2.526720022205773546e+02 2.123743523316062181e+02 1.323094004441154742e-02
2.526617628916851857e+02 2.124878176659264852e+02 1.002343942758450457e-02
2.526793116210214691e+02 2.126028559092030719e+02 1.045521835677276114e-02
2.527371391561806035e+02 2.127627991611152254e+02 2.837404391808536971e-03
2.527273316062176036e+02 2.129183012583271761e+02 3.392548729336294054e-03
2.527627991611152254e+02 2.130845361460646359e+02 1.511226252158894738e-03
2.527148716999753333e+02 2.131448309893905844e+02 1.449543547989143831e-03
2.526389094497902761e+02 2.130420059215396122e+02 1.171971379225265290e-03
2.524733839131507409e+02 2.081812546262028150e+02 0.000000000000000000e+00
2.521669750801875125e+02 2.077643103873673738e+02 0.000000000000000000e+00
2.520327535159141519e+02 2.075696397730076512e+02 0.000000000000000000e+00
2.519853503577596712e+02 2.075163150752528907e+02 3.084135208487539951e-05
2.521609918578830616e+02 2.077472242783123590e+02 4.317789291882555931e-04
2.523471811004194478e+02 2.080096533432025581e+02 2.590673575129533775e-03
2.526593264248704713e+02 2.087733160621761783e+02 7.957068837897852964e-03
2.526765667406858995e+02 2.090047187268689868e+02 5.181347150259067551e-03
2.527140698248211095e+02 2.090580125832716476e+02 6.600049346163336036e-03
2.527926535899333942e+02 2.091627498149518942e+02 6.229953121144831026e-03
2.528069639773007680e+02 2.091754872933629485e+02 5.829015544041450669e-03
2.527485504564520227e+02 2.094452257586972621e+02 6.630890698248211382e-03
2.527436775228225940e+02 2.095445040710584692e+02 8.018751542067603655e-03
2.527586664199358495e+02 2.097826918332099808e+02 7.648655317049099511e-03
2.526415926474216747e+02 2.102242783123612071e+02 6.970145571181840180e-03
2.525201085615593399e+02 2.106421169504071145e+02 3.392548729336294054e-03
2.524500678509745910e+02 2.109191031334813715e+02 4.225265235627930112e-03
2.524385640266469295e+02 2.111655563779916065e+02 4.471996052306932874e-03
2.524754811250925286e+02 2.114321798667653525e+02 5.428077966938070313e-03
2.524948186528497445e+02 2.114851961509992577e+02 6.507525289908710001e-03
2.525418208734270991e+02 2.116466814705156594e+02 5.273871206513693587e-03
2.525816370589686528e+02 2.117689057488280184e+02 5.027140389834689957e-03
2.526140204786577783e+02 2.118883851468048363e+02 7.494448556624722785e-03
2.526456945472489508e+02 2.120751295336787621e+02 1.020848754009375838e-02
2.526346841845546578e+02 2.122677954601529677e+02 1.134961756723414789e-02
2.526010054280779684e+02 2.125058906982482085e+02 9.499136442141623698e-03
2.523793794719960601e+02 2.122652664692820110e+02 6.785097458672588108e-03
2.523776831976313701e+02 2.092817049099432438e+02 2.158894645941277965e-04
2.521690414507772005e+02 2.088283061929435007e+02 3.084135208487539951e-04
2.521794658277818826e+02 2.088209659511472864e+02 3.700962250185047941e-04
2.523220145571181945e+02 2.089816493955094927e+02 4.317789291882555931e-04
2.525104243770046821e+02 2.092749198124845691e+02 2.035529237601776259e-03
2.527490439180853627e+02 2.099158339501603621e+02 7.155193683691093119e-03
2.529519491734517658e+02 2.103006415001233620e+02 2.513570194917345152e-02
2.528610288675055529e+02 2.105524919812484654e+02 6.291635825314581716e-03
2.528432950900567562e+02 2.106413459166049904e+02 6.291635825314581716e-03
2.528325931408832901e+02 2.106678386380458790e+02 6.137429064890204990e-03
2.527973414754502812e+02 2.107154885270170155e+02 5.520602023192696349e-03
2.527770478657784281e+02 2.108731186775228252e+02 6.877621514927214144e-03
2.527473476437207012e+02 2.111267887984209324e+02 1.357019491734517622e-02
2.527320503330865904e+02 2.113662102146558084e+02 1.437207007155193693e-02
2.527250185048112598e+02 2.117192203306192937e+02 7.432765852454971227e-03
2.526146064643473892e+02 2.120655070318282753e+02 4.533678756476683565e-03
2.526778312361213921e+02 2.122434616333580095e+02 1.572908956328645429e-03
2.526979089563286323e+02 2.124199666913397380e+02 1.696274364668147027e-03
2.526937453737971850e+02 2.124810325684678105e+02 1.881322477177399533e-03
2.526875771033802209e+02 2.125408339501603621e+02 9.252405625462619852e-05
2.526837527757217003e+02 2.125792005921539669e+02 2.467308166790031961e-04
2.527046940537873070e+02 2.126377683197631256e+02 3.084135208487539951e-04
2.527182334073525851e+02 2.126937762151492848e+02 1.233654083395015980e-04
2.527368307426597482e+02 2.127386812237848517e+02 2.775721687638785956e-04
2.527656365655070374e+02 2.127520663705896879e+02 1.110288675055514382e-03
2.526921724648408656e+02 2.126504749568221087e+02 3.392548729336293946e-04
2.523000863557858509e+02 2.104061806069578040e+02 0.000000000000000000e+00
2.522320811744386901e+02 2.102972181100419391e+02 0.000000000000000000e+00
2.522231371823340851e+02 2.103060387367382305e+02 0.000000000000000000e+00
2.523160930175178862e+02 2.103751850481125132e+02 2.467308166790031961e-04
2.523913459166049904e+02 2.107212250185048106e+02 1.881322477177399533e-03
2.523260239328892283e+02 2.115628855169010478e+02 9.252405625462619852e-04
2.524148161855415822e+02 2.120054897606711108e+02 8.943992104613866399e-04
2.524929990130767408e+02 2.121924808783617209e+02 1.788798420922773280e-03
2.524932457438934250e+02 2.122518196397730037e+02 2.374784110535405925e-03
2.525124907475943701e+02 2.122262830002467240e+02 2.251418702195904110e-03
2.525247347643720559e+02 2.122392672094744626e+02 2.282260054280779455e-03
2.525214347396989751e+02 2.123263940291142262e+02 1.511226252158894738e-03
2.525658154453491306e+02 2.123736121391561937e+02 1.449543547989143831e-03
2.525843819393042224e+02 2.124701455711818312e+02 1.326178139649642233e-03
2.526365963483839039e+02 2.125851529731063465e+02 2.436466814705156615e-03
2.526632124352331630e+02 2.126716012830002569e+02 3.053293856402664822e-03
2.526791265729089559e+02 2.127570935109795300e+02 3.515914137675795869e-03
2.526932827535159163e+02 2.128103565260300911e+02 3.700962250185047941e-03
2.526739760671107717e+02 2.129309462126819597e+02 2.837404391808536971e-03
2.526749938317295801e+02 2.129364668147051702e+02 3.114976560572415513e-03
2.526933135948679876e+02 2.129781643227238987e+02 8.327165062916358409e-04
2.527052491981248465e+02 2.129989822353811917e+02 7.710338021218850419e-04
2.523691401431038628e+02 2.125944053787318069e+02 2.467308166790031961e-04
2.523658709597828818e+02 2.125844744633604648e+02 3.700962250185047941e-04
2.522406242289661975e+02 2.124418332099679390e+02 3.084135208487539951e-05
2.523575437947199589e+02 2.097409634838391241e+02 0.000000000000000000e+00
2.522765235627929883e+02 2.092810880829015616e+02 0.000000000000000000e+00
2.521822107081174522e+02 2.088856402664692951e+02 0.000000000000000000e+00
2.521857883049592886e+02 2.088852701702442687e+02 0.000000000000000000e+00
2.522409634838391241e+02 2.089437762151492848e+02 0.000000000000000000e+00
2.524144152479644845e+02 2.091744695287441402e+02 6.168270416975079901e-05
2.526328337034295544e+02 2.095715827781889971e+02 3.084135208487539951e-04
2.527146249691586490e+02 2.096544843325931424e+02 2.467308166790031961e-04
2.527468541820873327e+02 2.098676905995558855e+02 1.295336787564766888e-03
2.522462990377498215e+02 2.106097335307179890e+02 0.000000000000000000e+00
2.522403158154453422e+02 2.105800641500123334e+02 3.084135208487539951e-05
2.522440167776955207e+02 2.106153466567974419e+02 0.000000000000000000e+00
2.523048976067110800e+02 2.106466197878114883e+02 7.710338021218850419e-04
2.523561250925240529e+02 2.106898285220824221e+02 9.252405625462619852e-04
2.524168208734270991e+02 2.107714347396989751e+02 2.128053293856402729e-03
2.524657044164816284e+02 2.108710214655810375e+02 2.374784110535405925e-03
2.525298235874660691e+02 2.110499938317295801e+02 2.343942758450530579e-03
2.526033185294843406e+02 2.112743646681470580e+02 1.973846533432025568e-03
2.526307056501356954e+02 2.113081667900320610e+02 2.991611152232913698e-03
2.526064951887490793e+02 2.114046076980014846e+02 2.436466814705156615e-03
2.526269430051813458e+02 2.114764988897113369e+02 3.176659264742166203e-03
2.526241364421416336e+02 2.115873118677522768e+02 4.533678756476683565e-03
2.525957315568714421e+02 2.116781088082901476e+02 5.798174191956575324e-03
2.526287934863064493e+02 2.117053417221810889e+02 5.366395262768319623e-03
2.523696644460893026e+02 2.113543054527510492e+02 3.145817912657290858e-03
2.520268011349617439e+02 2.084955896866518685e+02 0.000000000000000000e+00
2.520066617320503326e+02 2.082543794719960601e+02 1.233654083395015980e-04
2.520892548729336227e+02 2.082442018258080338e+02 1.233654083395015980e-04
2.522094744633604648e+02 2.083614606464347503e+02 1.171971379225265290e-03
2.523819084628670169e+02 2.085375956081914524e+02 1.079447322970639037e-03
2.527536701208981071e+02 2.092441709844559625e+02 1.295336787564766888e-03
2.528475511966444742e+02 2.095892240315815513e+02 5.674808783617073943e-03
2.528663027387120792e+02 2.097472551196644588e+02 6.168270416975080335e-03
2.528512521588946527e+02 2.097566308906982613e+02 7.216876387860843810e-03
2.528228472736244896e+02 2.097361213915617952e+02 7.371083148285220536e-03
2.528461633358006395e+02 2.098223538119911211e+02 3.700962250185047941e-03
2.528378361707377167e+02 2.098843757710338025e+02 3.330866025166543364e-03
2.528676597582037857e+02 2.100372871946706255e+02 4.872933629410313230e-03
2.528002714038983356e+02 2.102834011843079338e+02 4.071058475203552518e-03
2.527727609178386388e+02 2.104774549716259457e+02 4.132741179373304076e-03
2.526664816185541440e+02 2.108152911423636908e+02 4.225265235627930112e-03
2.525343264248704713e+02 2.110738033555390984e+02 6.199111769059955680e-03
2.524963607204539926e+02 2.112482728842832387e+02 3.762644954354799065e-03
2.524824512706637165e+02 2.113504502837404289e+02 6.939304219096964835e-03
2.524857512953367973e+02 2.113739822353811917e+02 9.129040217123117820e-03
2.524732297063903275e+02 2.113613989637305792e+02 9.190722921292870246e-03
2.524253330866025067e+02 2.113429866765359009e+02 6.168270416975080335e-03
2.523303108808290176e+02 2.112537009622501785e+02 5.613126079447323252e-03
2.523879225265235675e+02 2.079906859116703686e+02 0.000000000000000000e+00
2.520757772020725440e+02 2.075342030594621292e+02 0.000000000000000000e+00
2.515730940044411454e+02 2.065923390081421189e+02 0.000000000000000000e+00
2.516052923760177578e+02 2.066039353565260228e+02 4.317789291882555931e-04
2.517833703429558341e+02 2.067907722674562194e+02 2.837404391808536971e-03
2.520762089810017130e+02 2.071520787071305278e+02 1.511226252158894738e-03
2.524481865284974162e+02 2.108784850727855940e+02 0.000000000000000000e+00
2.524623118677522768e+02 2.109451640759930910e+02 1.418702195904268486e-03
2.524171292869479259e+02 2.109855970885763554e+02 1.357019491734517578e-03
2.523512830002467240e+02 2.109599679249938333e+02 1.326178139649642233e-03
2.523391315075252805e+02 2.110054280779669398e+02 3.515914137675795869e-03
2.523508203799654552e+02 2.110210646434739772e+02 4.471996052306932874e-03
2.523713607204539926e+02 2.111211756723414794e+02 4.317789291882556148e-03
2.523532260054280698e+02 2.113147359980261513e+02 3.392548729336294054e-03
2.523550148038490022e+02 2.115820071551936792e+02 6.229953121144831026e-03
2.523674130273871299e+02 2.118350296076980044e+02 4.934616333580063921e-03
2.524466753022452394e+02 2.120781519861830873e+02 4.471996052306932874e-03
2.524877251418702144e+02 2.122292746113989779e+02 4.657044164816185813e-03
2.525037318036022782e+02 2.123971440907969281e+02 2.806563039723661626e-03
2.525198618307426557e+02 2.124739082161362091e+02 2.899087095978287662e-03
2.525644275845052960e+02 2.125321983715766123e+02 1.511226252158894738e-03
2.522759992598075485e+02 2.127985751295336740e+02 0.000000000000000000e+00
2.522642178633111314e+02 2.127986368122378451e+02 0.000000000000000000e+00
2.522682889217863362e+02 2.128038181593881006e+02 0.000000000000000000e+00
2.519973476437207012e+02 2.124304835924006909e+02 0.000000000000000000e+00
2.525522760917838525e+02 2.098088761411300140e+02 2.899087095978287662e-03
2.523807673328398664e+02 2.095766716012830102e+02 9.252405625462619852e-04
2.523960646434739772e+02 2.095756846780162732e+02 1.973846533432025568e-03
2.524854737231680133e+02 2.096963052060202415e+02 2.528990870959783085e-03
2.525586294103133582e+02 2.098943066864051445e+02 1.973846533432025568e-03
2.525493461633357981e+02 2.103911917098445485e+02 4.471996052306932874e-03
2.525857081174438576e+02 2.106269121638292745e+02 5.243029854428818241e-03
2.525855539106834442e+02 2.107326054774241300e+02 6.538366641993585346e-03
2.525761472982975704e+02 2.107472242783123590e+02 6.630890698248211382e-03
2.525414816185541440e+02 2.108174500370096212e+02 4.040217123118677173e-03
2.525026523562792988e+02 2.108620157907722614e+02 4.441154700222057529e-03
2.525346039970392269e+02 2.109342462373550404e+02 5.428077966938070313e-03
2.525235936343449339e+02 2.111926659264742057e+02 5.181347150259067551e-03
2.525281889958055785e+02 2.115180730323217233e+02 6.846780162842338799e-03
2.524789970392301939e+02 2.118263940291142262e+02 6.939304219096964835e-03
2.525121514927214434e+02 2.119248087836170669e+02 3.670120898100172595e-03
2.525418208734270991e+02 2.120886997285961115e+02 1.634591660498396336e-03
2.525997717739945756e+02 2.121641685171478002e+02 6.168270416975080335e-03
2.526490870959782740e+02 2.122897853441894824e+02 1.184307920059215341e-02
2.526721255859856967e+02 2.123423081667900192e+02 1.332346410066617345e-02
2.527205773501110286e+02 2.124339686651862849e+02 1.267579570688378947e-02
2.527140698248211095e+02 2.125031458179126673e+02 1.218233407352578394e-02
2.526908154453491306e+02 2.125417900320749993e+02 1.119541080680977116e-02
2.525974586725882034e+02 2.124365901801134839e+02 1.057858376511226252e-02
2.528308968665186285e+02 2.097053108808290176e+02 0.000000000000000000e+00
2.527210708117443971e+02 2.095954848260547863e+02 0.000000000000000000e+00
2.526589871699975447e+02 2.095126757957068833e+02 1.017764618800888130e-03
2.526785405872193451e+02 2.096507833703429640e+02 1.696274364668147027e-03
2.526199420182580866e+02 2.100539415247964428e+02 9.252405625462619852e-04
2.525861398963730551e+02 2.106594189489267137e+02 1.141130027140389728e-03
2.525939427584505381e+02 2.110409264742166329e+02 1.017764618800888130e-03
2.525690846286701117e+02 2.111547619047618980e+02 1.819639773007648625e-03
2.525701949173451624e+02 2.111736676535899448e+02 1.912163829262274878e-03
2.525562546262028150e+02 2.111626881322477232e+02 1.943005181347150223e-03
2.525544966691339823e+02 2.111325869726128701e+02 2.559832223044658430e-03
2.525383358006415051e+02 2.111800518134714935e+02 3.084135208487540167e-03
2.524929373303725697e+02 2.113328707130520741e+02 3.269183320996792673e-03
2.525086972612879208e+02 2.115914137675795814e+02 4.194423883543054767e-03
2.525556069578090330e+02 2.118231556871453165e+02 1.338514680483592414e-02
2.525369787811497702e+02 2.119694670614359779e+02 8.111275598322229691e-03
2.525631630890698318e+02 2.120807735011102864e+02 7.000986923266716393e-03
2.525936343449296828e+02 2.121616703676289148e+02 7.525289908709598130e-03
2.526154391808536843e+02 2.122617813964964171e+02 6.877621514927214144e-03
2.526202195904268422e+02 2.123457315568714421e+02 7.432765852454971227e-03
2.526528188995805522e+02 2.124077535159141519e+02 8.142116950407105036e-03
2.526555946212681931e+02 2.124854737231680133e+02 6.353318529484332407e-03
2.526650320750061667e+02 2.125265544041450880e+02 5.582284727362447907e-03
2.526630890698248209e+02 2.125202936096718531e+02 5.767332839871699979e-03
2.523722242783123590e+02 2.107859301751788905e+02 0.000000000000000000e+00
2.523601036269430153e+02 2.102628916851714678e+02 0.000000000000000000e+00
2.523450530471255888e+02 2.101294103133481315e+02 0.000000000000000000e+00
2.523802430298544266e+02 2.101289476930668627e+02 3.084135208487539951e-05
2.524514248704663260e+02 2.102873488773747965e+02 6.168270416975079901e-05
2.524769306686405059e+02 2.107251418702196020e+02 1.079447322970639037e-03
2.524607389587959574e+02 2.111900752528990779e+02 1.542067604243770084e-03
2.524957438934122820e+02 2.112755366395262797e+02 9.869232667160127842e-04
2.521356711078213664e+02 2.115050271403898421e+02 9.252405625462619852e-05
2.521403898346903532e+02 2.114660745127066264e+02 0.000000000000000000e+00
2.521491796200345448e+02 2.114788119911176807e+02 0.000000000000000000e+00
2.521778003947693207e+02 2.115074327658524567e+02 0.000000000000000000e+00
2.522314026646928085e+02 2.115313039723661461e+02 0.000000000000000000e+00
2.522235072785590830e+02 2.115953306192943444e+02 0.000000000000000000e+00
2.522989452257587004e+02 2.116910004934616438e+02 2.158894645941277965e-04
2.523259005674808861e+02 2.117196829509005624e+02 2.158894645941277965e-04
2.523532568467801696e+02 2.117504934616333685e+02 1.850481125092523970e-04
2.523848075499629999e+02 2.118089378238341851e+02 2.158894645941277965e-04
2.524261041204046307e+02 2.118646064643473892e+02 4.009375771033801936e-04
2.524566370589686528e+02 2.119037749814951894e+02 1.079447322970639037e-03
2.525287132987910184e+02 2.120091598815692180e+02 2.035529237601776259e-03
2.525794781643227225e+02 2.121244448556624604e+02 1.141130027140389728e-03
2.525610041944238731e+02 2.122682580804342365e+02 1.881322477177399533e-03
2.525661238588699860e+02 2.122719590426844434e+02 2.189735998026153419e-03
2.524248087836170669e+02 2.109514557118183973e+02 0.000000000000000000e+00
2.521019923513446770e+02 2.100985998026153538e+02 1.973846533432025568e-03
2.520888847767086247e+02 2.096336047372316784e+02 1.973846533432025568e-03
2.521115840118430924e+02 2.096154700222057841e+02 1.973846533432025568e-03
2.522601776461879979e+02 2.097612262521589059e+02 2.467308166790031961e-03
2.523715766099185771e+02 2.099496052306933223e+02 4.071058475203552518e-03
2.524788736738218518e+02 2.103263323464100552e+02 4.872933629410313230e-03
2.525888230940044537e+02 2.104863681223784795e+02 3.084135208487540167e-03
2.526022699235134610e+02 2.105829632371083164e+02 4.657044164816185813e-03
2.525909819886503840e+02 2.106269738465334456e+02 4.965457685664939266e-03
2.525813903281519970e+02 2.106191093017517915e+02 4.441154700222057529e-03
2.526046755489760756e+02 2.107036146064643560e+02 4.780409573155687195e-03
2.526121391561806035e+02 2.108216136195410684e+02 5.181347150259067551e-03
2.526427646188008964e+02 2.110119356032568589e+02 4.842092277325437885e-03
2.526334813718233363e+02 2.111604367135455220e+02 5.335553910683444277e-03
2.526092400690846205e+02 2.112868245743893283e+02 6.168270416975080335e-03
2.526501357019491820e+02 2.114133974833456762e+02 5.335553910683444277e-03
2.525763323464100552e+02 2.115917530224525080e+02 3.084135208487540167e-03
2.525769800148038371e+02 2.116869602763385103e+02 4.811250925240562540e-03
2.525481125092524053e+02 2.117942881815938847e+02 5.736491487786824633e-03
2.525679434986429897e+02 2.118391006661732092e+02 6.291635825314581716e-03
2.526154083395016130e+02 2.119041450777202158e+02 6.507525289908710001e-03
2.525719220330619237e+02 2.120321058475203415e+02 8.358006415001234188e-03
2.525951764125339309e+02 2.121761349617567305e+02 1.165803108808290134e-02
2.526066493955094927e+02 2.122140698248211095e+02 1.307673328398717069e-02
2.522874105600789676e+02 2.118317295830249236e+02 5.829015544041450669e-03
2.522500616827041711e+02 2.095973353071798613e+02 1.819639773007648625e-03
2.521949790278805779e+02 2.088567110782136638e+02 0.000000000000000000e+00
2.522149642240315757e+02 2.086936220083888429e+02 0.000000000000000000e+00
2.521975080187515346e+02 2.086623488773747965e+02 0.000000000000000000e+00
2.522603626943005111e+02 2.087605169010609529e+02 8.327165062916358409e-04
2.523664261041203929e+02 2.089952812731310132e+02 2.528990870959783085e-03
2.524725511966444742e+02 2.091659264742166329e+02 2.405625462620281270e-03
2.524928448063162989e+02 2.091904145077720329e+02 2.405625462620281270e-03
2.525045645201085733e+02 2.091970762398223656e+02 2.868245743893412317e-03
2.524583641746854141e+02 2.091469590426844434e+02 3.053293856402664822e-03
2.524593510979521227e+02 2.090913520848754104e+02 2.528990870959783085e-03
2.524655502097211865e+02 2.090924932149025324e+02 2.744880335553910502e-03
2.525467863311127701e+02 2.091768751542067548e+02 2.652356279299284466e-03
2.525892240315815513e+02 2.092168455465087504e+02 3.392548729336294054e-03
2.526778003947693207e+02 2.093320071551936792e+02 4.009375771033801827e-03
2.527375709351098010e+02 2.094648100172711622e+02 4.811250925240562540e-03
2.528005181347150199e+02 2.095249198124845691e+02 6.137429064890204990e-03
2.528314211695040683e+02 2.095598939057488224e+02 6.846780162842338799e-03
2.523229089563286323e+02 2.101756106587712907e+02 0.000000000000000000e+00
2.523739513940291204e+02 2.102557673328398664e+02 0.000000000000000000e+00
2.523929805082654809e+02 2.102965087589439861e+02 0.000000000000000000e+00
2.524244386873920689e+02 2.103279669380705741e+02 0.000000000000000000e+00
2.525037626449543495e+02 2.103474586725882034e+02 3.824327658524549756e-03
2.525336170737725183e+02 2.104112385886997174e+02 3.084135208487540167e-03
2.526028559092030719e+02 2.105664939550949839e+02 3.053293856402664822e-03
2.526091783863804494e+02 2.105735874660745139e+02 2.498149518874907306e-03
2.520437021959042738e+02 2.071343757710338025e+02 7.463607204539847439e-03
2.518136873920552716e+02 2.068716691339748195e+02 4.441154700222057529e-03
2.516916481618554258e+02 2.066159018011349531e+02 2.220577350111028764e-03
2.517285344189489251e+02 2.066093634344929626e+02 2.467308166790031961e-03
2.517932395756230051e+02 2.066809770540340594e+02 2.714038983469035157e-03
2.518148593634344934e+02 2.067438008882309362e+02 2.714038983469035157e-03
2.525467863311127701e+02 2.080216197878114883e+02 1.727115716753022372e-03
2.526189550949913780e+02 2.081095793239575755e+02 6.877621514927214144e-03
2.527654823587465955e+02 2.083064396743153281e+02 2.436466814705156615e-03
2.528641438440661204e+02 2.085632556131260742e+02 7.710338021218850419e-04
2.529438995805575985e+02 2.088727177399457275e+02 6.168270416975079901e-04
2.529903158154453422e+02 2.090665556377991550e+02 1.017764618800888130e-03
2.529553725635331887e+02 2.092033370342955720e+02 1.171971379225265290e-03
2.529290648902047849e+02 2.094884344929681674e+02 1.727115716753022372e-03
2.526624414014310389e+02 2.102819824821120278e+02 1.233654083395015980e-03
2.525604798914384332e+02 2.105353133481371799e+02 1.141130027140389728e-03
2.525580742659758187e+02 2.106085307179866675e+02 1.202812731310140635e-03
2.525158832963237217e+02 2.106847705403404802e+02 1.572908956328645429e-03
2.524933074265975961e+02 2.108040648902047849e+02 2.374784110535405925e-03
2.524915494695287350e+02 2.108932272390821652e+02 2.128053293856402729e-03
2.524971009129040169e+02 2.109259190722921176e+02 2.004687885516900914e-03
2.525055206020231822e+02 2.109343387614113112e+02 1.819639773007648625e-03
2.525181347150258944e+02 2.109464594127806549e+02 2.436466814705156615e-03
2.525406489020478773e+02 2.109655193683691152e+02 3.176659264742166203e-03
2.525533246977547606e+02 2.110322292129286836e+02 2.960769800148038353e-03
2.525302862077473378e+02 2.110242413027387158e+02 3.423390081421169399e-03
2.521871144830989522e+02 2.101695965951147400e+02 6.476683937823834438e-04
2.521085615593387672e+02 2.080941278065630513e+02 9.252405625462619852e-05
2.520464470762398150e+02 2.076476683937823964e+02 0.000000000000000000e+00
2.519010301011596482e+02 2.073946459412780712e+02 1.788798420922773280e-03
2.518524858129780455e+02 2.073385455218356697e+02 3.300024673081668018e-03
2.518858561559338796e+02 2.074602454971625889e+02 5.859856896126326015e-03
2.521424870466321124e+02 2.077406242289661975e+02 1.841228719467061584e-02
2.524119479397976704e+02 2.081134653343202672e+02 1.101036269430051735e-02
2.524628670120898164e+02 2.081693190229459560e+02 1.076363187762151459e-02
2.524506229953121021e+02 2.081570750061682702e+02 1.178139649642240272e-02
2.524331667900320610e+02 2.081336972612879208e+02 1.400197384653343279e-02
2.524389341228719559e+02 2.081309523809523796e+02 1.483469035282506711e-02
2.525312731310140748e+02 2.082366148531951637e+02 1.918332099679249947e-02
2.526317542561065750e+02 2.083494325191216490e+02 2.137305699481865245e-02
2.527588206266962629e+02 2.085996175672341337e+02 1.819639773007648495e-02
2.528318837897853371e+02 2.088164014310387415e+02 1.677769553417221907e-02
2.528655008635578554e+02 2.089964840858623347e+02 1.332346410066617345e-02
2.528769430051813458e+02 2.091497039230199846e+02 1.326178139649642276e-02
2.528772205773501014e+02 2.092197137922526622e+02 1.449543547989143831e-02
2.529020170244263568e+02 2.093293856402664801e+02 1.495805576116457022e-02
2.529361584011843149e+02 2.094861830742659663e+02 1.162718973599802599e-02
2.529571305206020213e+02 2.095996792499383048e+02 9.930915371329878533e-03
2.529824204293116168e+02 2.097627683197631256e+02 9.930915371329878533e-03
2.528193622008388957e+02 2.101119232667160190e+02 8.172958302491980381e-03
2.527939797680730294e+02 2.102152726375524310e+02 7.494448556624722785e-03
2.524876634591660434e+02 2.093594867999013047e+02 4.749568221070811849e-03
2.516794966691339823e+02 2.064401677769553487e+02 1.511226252158894738e-03
2.514976560572415565e+02 2.060198618307426557e+02 2.775721687638785956e-04
2.514608006415001284e+02 2.059815260301011506e+02 3.084135208487539951e-04
2.515110103626942930e+02 2.060443190229459560e+02 4.317789291882555931e-04
2.515899333826795043e+02 2.061275598322230564e+02 4.626202812731309926e-04
2.528047742413027379e+02 2.088225388601036343e+02 4.401060942511719754e-02
2.528718850234394324e+02 2.089623118677522768e+02 4.987046632124352008e-02
2.529543547989143804e+02 2.090610658771280441e+02 3.068714532445102408e-02
2.529497902788058354e+02 2.090801875154206755e+02 2.615346656797434138e-02
2.529490809277078824e+02 2.090702874414014332e+02 2.473476437207007203e-02
2.530160375030841351e+02 2.091530347890451651e+02 2.485812978040957341e-02
2.530146496422403288e+02 2.093390389834690382e+02 2.186651862817665798e-02
2.530587836170737717e+02 2.095859856896126416e+02 1.085615593387614063e-02
2.529779484332593142e+02 2.099015235627929883e+02 1.027017024426350907e-02
2.528788860103626916e+02 2.103670429311621035e+02 3.269183320996792673e-03
2.527396989884036600e+02 2.107910189982728753e+02 3.855169010609425101e-03
2.527129595361460588e+02 2.110983530717986696e+02 5.119664446089316860e-03
2.525438255613126159e+02 2.113540895632864647e+02 4.842092277325437885e-03
2.525724771773994632e+02 2.115311497656057327e+02 9.005674808783616439e-03
2.525737108314828561e+02 2.115969035282506923e+02 9.344929681717246972e-03
2.525734641006661718e+02 2.117021650629163503e+02 1.326178139649642276e-02
2.525493461633357981e+02 2.118218295090056813e+02 9.591660498396249734e-03
2.525551443375277643e+02 2.118654700222057841e+02 9.252405625462620936e-03
2.525379348630644074e+02 2.118156303972366175e+02 9.468295090056748353e-03
2.526292869479397893e+02 2.093344436220083935e+02 0.000000000000000000e+00
2.522330372563533274e+02 2.086815938810757416e+02 0.000000000000000000e+00
2.519685109795213407e+02 2.078653774981495133e+02 0.000000000000000000e+00
2.519557735011102864e+02 2.076969528744140234e+02 0.000000000000000000e+00
2.519824204293116168e+02 2.076273747841105433e+02 3.084135208487539951e-05
2.520511658031088018e+02 2.077089501603750250e+02 0.000000000000000000e+00
2.521872378485072659e+02 2.078666111522329061e+02 6.476683937823834438e-04
2.523397174932148914e+02 2.081010054280779684e+02 1.079447322970639037e-03
2.524440537873180403e+02 2.082706020231927084e+02 8.943992104613866399e-04
2.524839008142116938e+02 2.083132864544781739e+02 6.785097458672587891e-04
2.525187515420676050e+02 2.083617073772514061e+02 3.700962250185047941e-03
2.526168887244016901e+02 2.084866148531951637e+02 3.978534418948926482e-03
2.527043239575623090e+02 2.086848322230446513e+02 4.533678756476683565e-03
2.527570935109795300e+02 2.090090056748087761e+02 5.088823094004441515e-03
2.528262089810017130e+02 2.093475511966444742e+02 7.031828275351591738e-03
2.528769121638292745e+02 2.096574451023932966e+02 3.515914137675795869e-03
2.528007957068838039e+02 2.101004502837404289e+02 2.929928448063163007e-03
2.527450962250185000e+02 2.102802553663952665e+02 3.423390081421169399e-03
2.527526523562792988e+02 2.103291080680976961e+02 1.603750308413520774e-03
2.527794226498889714e+02 2.103435109795213407e+02 2.806563039723661626e-03
2.527522205773501014e+02 2.104305452751048620e+02 2.467308166790031961e-03
2.527740562546262026e+02 2.105169010609425015e+02 2.899087095978287662e-03
2.527850666173204957e+02 2.106018073032321638e+02 3.053293856402664822e-03
2.528265173945225683e+02 2.107069763138416079e+02 3.793486306439674410e-03
2.527266530964717504e+02 2.110057673328398664e+02 8.943992104613865748e-03
2.527050333086602620e+02 2.110120898100172724e+02 8.758943992104613677e-03
2.522442326671601336e+02 2.100230384900073943e+02 8.943992104613866399e-04
2.520868800888231078e+02 2.095050888230940132e+02 0.000000000000000000e+00
2.520802800394769179e+02 2.092020416975080082e+02 0.000000000000000000e+00
2.520936035035775831e+02 2.091222242783123590e+02 0.000000000000000000e+00
2.521656797433999486e+02 2.091989884036516116e+02 2.467308166790031961e-04
2.522394522575869757e+02 2.093213668887244125e+02 4.934616333580063921e-04
2.523979768073032233e+02 2.096312607944732349e+02 2.467308166790031961e-04
2.525038860103626916e+02 2.099006291635825221e+02 5.243029854428818458e-04
2.525126141130027122e+02 2.099823895879595455e+02 8.327165062916358409e-04
2.525490377498149428e+02 2.100422526523562681e+02 1.634591660498396336e-03
2.521525104860596969e+02 2.108275660004934480e+02 1.480384900074019176e-03
2.522233839131507409e+02 2.109718418455465212e+02 1.788798420922773280e-03
2.522823525783370258e+02 2.110466012830002569e+02 1.788798420922773280e-03
2.523237725141870271e+02 2.111314458425857481e+02 1.912163829262274878e-03
2.523855169010609529e+02 2.111797433999506666e+02 2.313101406365655234e-03
2.524198433259313958e+02 2.112433074265975961e+02 2.405625462620281270e-03
2.524554959289415308e+02 2.113461941771527393e+02 2.621514927214409121e-03
2.525350974586725954e+02 2.113879225265235675e+02 2.837404391808536971e-03
2.525533863804589316e+02 2.115195842585739001e+02 2.868245743893412317e-03
2.526179373303725697e+02 2.115724771773994632e+02 2.220577350111028764e-03
2.526778929188255631e+02 2.116408216136195506e+02 5.458919319022945658e-03
2.526134344929681674e+02 2.118647915124599024e+02 4.657044164816185813e-03
2.526190167776955207e+02 2.120586910930175293e+02 5.428077966938070313e-03
2.526426104120404545e+02 2.122521588946459303e+02 5.859856896126326015e-03
2.526104120404638422e+02 2.124794596595114626e+02 5.551443375277572562e-03
2.525584443622008450e+02 2.124304527510486196e+02 4.595361460646435123e-03
2.520690537873180403e+02 2.114888662718973649e+02 6.785097458672587891e-04
2.521083456698741543e+02 2.108131322477177321e+02 0.000000000000000000e+00
2.520318282753515859e+02 2.106574142610411968e+02 0.000000000000000000e+00
2.520952380952381020e+02 2.105679743399950610e+02 9.252405625462619852e-05
2.521318159388107460e+02 2.105544658277818826e+02 1.233654083395015980e-04
2.521888415988156851e+02 2.106053232173698575e+02 2.467308166790031961e-04
2.522531458179126673e+02 2.107501850481125132e+02 9.869232667160127842e-04
2.523256229953121021e+02 2.108821243523316014e+02 1.511226252158894738e-03
2.523211201579077283e+02 2.109188255613126159e+02 1.387860843819393140e-03
2.523292622748581380e+02 2.109333826794966740e+02 1.634591660498396336e-03
2.523502343942758444e+02 2.109516407599309105e+02 1.850481125092523970e-03
2.523750000000000000e+02 2.110123056994818569e+02 2.313101406365655234e-03
2.524309153713298883e+02 2.110766099185788391e+02 1.665433012583271682e-03
2.525115346656797328e+02 2.112164446089316527e+02 2.343942758450530579e-03
2.525554219096965198e+02 2.113679373303725697e+02 1.480384900074019176e-03
2.526035961016530962e+02 2.114657969405378708e+02 3.423390081421169399e-03
2.526782630150505895e+02 2.116521712311867702e+02 3.022452504317789477e-03
2.526451394029114113e+02 2.117034295583518428e+02 4.687885516901061159e-03
2.526515235627929883e+02 2.117314026646928085e+02 6.075746360720454299e-03
2.526446767826301425e+02 2.118167098445595968e+02 5.119664446089316860e-03
2.526482852208240786e+02 2.118633111275598253e+02 4.996299037749814612e-03
2.526753330866025067e+02 2.119281088082901476e+02 4.811250925240562540e-03
2.527051875154206755e+02 2.119546323710831359e+02 5.767332839871699979e-03
2.527125894399210324e+02 2.119823895879595455e+02 6.785097458672588108e-03
2.521905070318282753e+02 2.111520170244263568e+02 1.850481125092523970e-04
2.517039230199851829e+02 2.099929681717246410e+02 0.000000000000000000e+00
2.519641931902294516e+02 2.090205711818406087e+02 0.000000000000000000e+00
2.519732297063903275e+02 2.087172464840858481e+02 0.000000000000000000e+00
2.520454293116210351e+02 2.087006229953121021e+02 6.168270416975079901e-05
2.521597582037996688e+02 2.088556007895386131e+02 0.000000000000000000e+00
2.523493708364174779e+02 2.092101529731063465e+02 4.009375771033801936e-04
2.524908709597828818e+02 2.093895262768319867e+02 8.018751542067603872e-04
2.525900567480878465e+02 2.095874660745127187e+02 1.634591660498396336e-03
2.525916604983962372e+02 2.096125092524056299e+02 1.696274364668147027e-03
2.526158401184307820e+02 2.096619787811497702e+02 1.757957068837897934e-03
2.526875462620281212e+02 2.097974648408586233e+02 3.084135208487540167e-03
2.525833950160375139e+02 2.101915864791512547e+02 3.238341968911916894e-03
2.526180915371329831e+02 2.106520170244263568e+02 3.886010362694300446e-03
2.526151616086849288e+02 2.110048420922773289e+02 5.859856896126326015e-03
2.525263385146804751e+02 2.114618184061189368e+02 2.498149518874907306e-03
2.525881754256106717e+02 2.115626387860843920e+02 4.441154700222057529e-03
2.525922773254379479e+02 2.117766469282013304e+02 5.489760671107821004e-03
2.525425610658771234e+02 2.118784233900814229e+02 4.657044164816185813e-03
2.525521835677276101e+02 2.119736614853195249e+02 6.723414754502837418e-03
2.522506168270417106e+02 2.124198741672834956e+02 0.000000000000000000e+00
2.522965396002960858e+02 2.124944177152726468e+02 0.000000000000000000e+00
2.523574512706637165e+02 2.125592770787071402e+02 0.000000000000000000e+00
2.523651924500370001e+02 2.125654145077720329e+02 0.000000000000000000e+00
2.520328151986182945e+02 2.113804589193190111e+02 0.000000000000000000e+00
2.520904268443128444e+02 2.100685294843326005e+02 2.806563039723661626e-03
2.520277572168763811e+02 2.097421662965704456e+02 3.053293856402664822e-03
2.521080372563533274e+02 2.095232852208240786e+02 3.084135208487540167e-03
2.521358561559338796e+02 2.095330927707870785e+02 2.991611152232913698e-03
2.522264680483592372e+02 2.096694732297063979e+02 3.176659264742166203e-03
2.523152603010115911e+02 2.098557241549469552e+02 3.670120898100172595e-03
2.523982235381199075e+02 2.100698248211201644e+02 6.075746360720454299e-03
2.524329817419195763e+02 2.101332037996545807e+02 7.031828275351591738e-03
2.524947878114976447e+02 2.102358438193930397e+02 6.569207994078460691e-03
2.525158524549716219e+02 2.102725758697261256e+02 5.428077966938070313e-03
2.525311497656057327e+02 2.104241919565753847e+02 1.727115716753022372e-03
2.524972551196644588e+02 2.107048791018998202e+02 2.097211941771527383e-03
2.525264618800888172e+02 2.109503454231433466e+02 3.145817912657290858e-03
2.525110412040463927e+02 2.112959536146064750e+02 6.199111769059955680e-03
2.525255983222304508e+02 2.115297927461139977e+02 1.150382432765852461e-02
2.525133851468048363e+02 2.116868985936343392e+02 1.227485812978040998e-02
2.525300394769306820e+02 2.118183752775721587e+02 1.511226252158894695e-02
2.525175795706883832e+02 2.119126881322477232e+02 1.202812731310140722e-02
2.525735874660745139e+02 2.120450900567480801e+02 1.181223784850727807e-02
2.525883296323710852e+02 2.121247224278312444e+02 1.326178139649642276e-02
2.526017147791759214e+02 2.122075622995312187e+02 9.560819146311374389e-03
2.525970577350111057e+02 2.123579755736491563e+02 9.375771033802122317e-03
2.526487169997532760e+02 2.125402788058228509e+02 8.882309400444115058e-03
2.526570133234640991e+02 2.125750986923266623e+02 9.591660498396249734e-03
2.521437207007155052e+02 2.118798420922773289e+02 3.454231433506044745e-03
2.526129410313348274e+02 2.086531581544534788e+02 0.000000000000000000e+00
2.525079879101899962e+02 2.084635763631877694e+02 0.000000000000000000e+00
2.525180730323217233e+02 2.084682334073525851e+02 0.000000000000000000e+00
2.525458919319023039e+02 2.084735998026153538e+02 0.000000000000000000e+00
2.526065568714532503e+02 2.085239020478657892e+02 0.000000000000000000e+00
2.527096286701209067e+02 2.086766901060942416e+02 4.317789291882555931e-04
2.528522082408092899e+02 2.088323464100666058e+02 5.674808783617073943e-03
2.529045768566493848e+02 2.091107204539846975e+02 4.286947939797680802e-03
2.528970515667406858e+02 2.092696150999259714e+02 5.613126079447323252e-03
2.529339686651862849e+02 2.093432950900567562e+02 5.983222304465827396e-03
2.529734147545028407e+02 2.093906365655070374e+02 6.445842585738958443e-03
2.529259499136442173e+02 2.095842585738958803e+02 5.613126079447323252e-03
2.528537811497656094e+02 2.098667345176412482e+02 2.929928448063163007e-03
2.526191401431038628e+02 2.103796878855168870e+02 2.590673575129533775e-03
2.525081112755983099e+02 2.108558783617073686e+02 2.189735998026153419e-03
2.525062299531211352e+02 2.111481001727115654e+02 8.111275598322229691e-03
2.525087589439920919e+02 2.113612755983222371e+02 8.234641006661732807e-03
2.524769923513446770e+02 2.115044103133481315e+02 8.049592894152479000e-03
2.524962065136935507e+02 2.115952689365901733e+02 7.864544781643226928e-03
2.525199851961509978e+02 2.117438934122872070e+02 3.886010362694300446e-03
2.525107019491734377e+02 2.117923451764125389e+02 3.084135208487540167e-03
2.525268628176659149e+02 2.119280471255859766e+02 1.912163829262274878e-03
2.524616641993584949e+02 2.120617135455218261e+02 1.912163829262274878e-03
2.524711633358006395e+02 2.121977855909203186e+02 1.171971379225265290e-03
2.525277263755243098e+02 2.123421848013817055e+02 1.079447322970639037e-03
2.525549284480631513e+02 2.123725943745373854e+02 1.295336787564766888e-03
2.520611275598322152e+02 2.113173575129533788e+02 0.000000000000000000e+00
2.522951517394522511e+02 2.094426967678263054e+02 0.000000000000000000e+00
2.521863126079447284e+02 2.092387429064890227e+02 0.000000000000000000e+00
2.521776153466568076e+02 2.091353010115963400e+02 1.387860843819393140e-03
2.524465210954848260e+02 2.089839008142116938e+02 6.168270416975079901e-05
2.525507957068838039e+02 2.092021650629163503e+02 1.542067604243770084e-03
2.527147483345669912e+02 2.093898038490007423e+02 1.757957068837897934e-03
2.527872255119664544e+02 2.095210029607698061e+02 3.762644954354799065e-03
2.528650382432765866e+02 2.096018381445842635e+02 6.970145571181840180e-03
2.528683999506538385e+02 2.097434924747100808e+02 7.772020725388600892e-03
2.528773131014063722e+02 2.098113742906488994e+02 7.401924500370095882e-03
2.529269985196150969e+02 2.098976992351344677e+02 1.261411300271403878e-02
2.529345854922279671e+02 2.100768258080434236e+02 1.168887244016777668e-02
2.528507278559092128e+02 2.104161732050333171e+02 1.403281519861830813e-02
2.527193745373797071e+02 2.108854860597088532e+02 1.440291142363681227e-02
2.526906920799407885e+02 2.112554589193190111e+02 1.227485812978040998e-02
2.526134653343202672e+02 2.117149950653836754e+02 7.710338021218850202e-03
2.526442758450530448e+02 2.118908832963237217e+02 7.802862077473476238e-03
2.526487478411053473e+02 2.120787996545768692e+02 1.070194917345176390e-02
2.526839686651862849e+02 2.121915247964470836e+02 1.357019491734517622e-02
2.526810695780903018e+02 2.123294781643227225e+02 8.234641006661732807e-03
2.526573834196891255e+02 2.124530903034789162e+02 6.291635825314581716e-03
2.526612694300518172e+02 2.125228534418948811e+02 5.520602023192696349e-03
2.526589254872933736e+02 2.126354860597088532e+02 4.225265235627930112e-03
2.526478226005428098e+02 2.127357821366888686e+02 3.886010362694300446e-03
2.526918332099679390e+02 2.128208734270910441e+02 5.736491487786824633e-03
2.527815198618307306e+02 2.129622501850481058e+02 5.643967431532198598e-03
2.528168332099679390e+02 2.130020046878855169e+02 2.714038983469035157e-03
2.522598383913150712e+02 2.123606279299284552e+02 0.000000000000000000e+00
2.517858684924747195e+02 2.114100974586725954e+02 0.000000000000000000e+00
2.520287441401430897e+02 2.073767579570688326e+02 7.463607204539847439e-03
2.520967801628423501e+02 2.075006785097458533e+02 1.202812731310140722e-02
2.522034912410560139e+02 2.077935479891438320e+02 9.622501850481125080e-03
2.524795830249198048e+02 2.081904145077720329e+02 5.921539600296076705e-03
2.527054959289415308e+02 2.087775413274117966e+02 2.960769800148038353e-03
2.527847273624475690e+02 2.091814705156673995e+02 2.343942758450530579e-03
2.528349370836417336e+02 2.092826301505058098e+02 3.978534418948926482e-03
2.528121144830989522e+02 2.093150752528990779e+02 4.780409573155687195e-03
2.527905563779916065e+02 2.093516530964717504e+02 5.119664446089316860e-03
2.528084443622008450e+02 2.093881384159881520e+02 3.577596841845546560e-03
2.528322538860103634e+02 2.094414322723908128e+02 3.207500616827041549e-03
2.527513570194917349e+02 2.098243893412287093e+02 2.158894645941278074e-03
2.526890883296323693e+02 2.101557796693807063e+02 4.040217123118677173e-03
2.526432272390821652e+02 2.104459659511472864e+02 2.467308166790031961e-03
2.526431347150258944e+02 2.107523131014063722e+02 1.603750308413520774e-03
2.526224710091290433e+02 2.110137860843819340e+02 4.348630643967431493e-03
2.526151924500370001e+02 2.111802060202319353e+02 6.229953121144831026e-03
2.526200962250185000e+02 2.112776338514680390e+02 8.974833456698741094e-03
2.526278682457438833e+02 2.113723784850727725e+02 1.051690106094251183e-02
2.526295645201085733e+02 2.114337836170737717e+02 9.869232667160127842e-03
2.525631014063656608e+02 2.115126449543548119e+02 9.314088329632371627e-03
2.525709967924993862e+02 2.115875277572168898e+02 1.036269430051813510e-02
2.525861398963730551e+02 2.117816740685911725e+02 1.091783863804589132e-02
2.524872316802368744e+02 2.117219960523069346e+02 1.082531458179126528e-02
2.526957192203306306e+02 2.088077350111028920e+02 1.973846533432025568e-03
2.523844066123858738e+02 2.083818159388107460e+02 1.542067604243770084e-03
